    0.0703    0.0508    0.0318         0         0         0         0    1.0000    1.0000
    0.0703    0.0508    0.0319         0         0         0         0    1.0000    1.0000
    0.0625    0.0469    0.0316         0    0.6614         0         0    1.0000    1.0000
    0.0547    0.0469    0.0323    0.6614         0   90.0000         0    1.0000    1.0000
    0.0820    0.0586    0.0320         0         0         0         0    1.0000    1.0000
    0.0703    0.0547    0.0317         0    0.6614         0         0    1.0000    1.0000
    0.0664    0.0508    0.0337         0    0.4753         0   45.0000    1.0000    1.0000
    0.0625    0.0430    0.0316         0         0         0         0    1.0000    1.0000
    0.0859    0.0469    0.0333         0    0.4753         0   45.0000    1.0000    1.0000
    0.0742    0.0469    0.0322         0    0.6614         0   90.0000    1.0000    1.0000
    0.0820    0.0547    0.0315         0         0         0         0    1.0000    1.0000
    0.0625    0.0469    0.0330         0    0.4753         0   45.0000    1.0000    1.0000
    0.0742    0.0469    0.0331         0         0         0         0    1.0000    1.0000
    0.0703    0.0469    0.0328         0    0.6614         0         0    1.0000    1.0000
    0.0820    0.0469    0.0324         0         0         0         0    1.0000    1.0000
    0.0742    0.0508    0.0322         0         0         0         0    1.0000    1.0000
    0.0781    0.0547    0.0304         0         0         0         0    1.0000    1.0000
    0.0703    0.0469    0.0311         0    0.6614         0         0    1.0000    1.0000
    0.0742    0.0469    0.0314         0    0.6614         0         0    1.0000    1.0000
    0.0586    0.0469    0.0315         0    0.6614         0         0    1.0000    1.0000
    0.0820    0.0430    0.0313    0.6614    0.6614   90.0000   90.0000    1.0000    1.0000
    0.0547    0.0430    0.0305         0    0.6614         0         0    1.0000    1.0000
    0.0625    0.0469    0.0305         0    0.6521         0   45.0000    1.0000    1.0000
    0.0469    0.0469    0.0332    0.7454    0.7454         0         0    1.0000    1.0000
    0.0625    0.0586    0.0329         0    0.6614         0   90.0000    1.0000    1.0000
    0.0586    0.0508    0.0318         0         0         0         0    1.0000    1.0000
    0.0547    0.0469    0.0319         0    0.6614         0         0    1.0000    1.0000
    0.0742    0.0469    0.0319         0         0         0         0    1.0000    1.0000
    0.0742    0.0547    0.0328         0         0         0         0    1.0000    1.0000
    0.1133    0.0469    0.0315         0         0         0         0    1.0000    1.0000
    0.0977    0.0547    0.0319         0    0.4753         0  -45.0000    1.0000    1.0000
    0.0859    0.0508    0.0321         0    0.6614         0         0    1.0000    1.0000
    0.0977    0.0469    0.0327         0    0.4753         0   45.0000    1.0000    1.0000
    0.1250    0.0508    0.0319         0         0         0         0    1.0000    1.0000
    0.0625    0.0469    0.0323         0         0         0         0    1.0000    1.0000
    0.1211    0.0469    0.0323         0    0.6614         0         0    1.0000    1.0000
    0.1680    0.0508    0.0334         0         0         0         0    1.0000    1.0000
    0.0938    0.0508    0.0321         0    0.4753         0   45.0000    1.0000    1.0000
    0.1172    0.0508    0.0324         0         0         0         0    1.0000    1.0000
    0.1328    0.0430    0.0313         0         0         0         0    1.0000    1.0000
    0.1523    0.0508    0.0319         0    0.6614         0         0    1.0000    1.0000
    0.0781    0.0508    0.0324    0.6614    0.6000         0   90.0000    1.0000    1.0000
    0.0664    0.0469    0.0307         0         0         0         0    1.0000    1.0000
    0.1953    0.0430    0.0309         0         0         0         0    1.0000    1.0000
    0.0820    0.0547    0.0327         0    0.6614         0   90.0000    1.0000    1.0000
    0.0742    0.0508    0.0340         0    0.6614         0   90.0000    1.0000    1.0000
    0.0820    0.0430    0.0322         0    0.6190         0  -77.1795    1.0000    1.0000
    0.1055    0.0547    0.0325         0         0         0         0    1.0000    1.0000
    0.0859    0.0469    0.0327         0    0.5332         0  -51.0474    1.0000    0.9545
    0.1602    0.0508    0.0307         0    0.6614         0   90.0000    1.0000    1.0000
    0.1602    0.0547    0.0316         0         0         0         0    1.0000    1.0000
    0.1016    0.0508    0.0310         0    0.6614         0   90.0000    1.0000    1.0000
    0.1250    0.0469    0.0302         0    0.6614         0         0    1.0000    1.0000
    0.1562    0.0547    0.0307         0         0         0         0    1.0000    1.0000
    0.1328    0.0469    0.0314         0    0.6614         0   90.0000    1.0000    1.0000
    0.1992    0.0469    0.0305         0    0.6614         0         0    1.0000    1.0000
    0.0547    0.0469    0.0323         0    0.6614         0         0    1.0000    1.0000
    0.1055    0.0508    0.0327         0    0.4753         0   45.0000    1.0000    1.0000
    0.0664    0.0508    0.0318         0         0         0         0    1.0000    1.0000
    0.1250    0.0547    0.0325         0         0         0         0    1.0000    1.0000
    0.1211    0.0469    0.0300         0         0         0         0    1.0000    1.0000
    0.1211    0.0469    0.0311         0    0.6614         0         0    1.0000    1.0000
    0.1992    0.0469    0.0310         0         0         0         0    1.0000    1.0000
    0.1133    0.0469    0.0311         0    0.6521         0  -45.0000    1.0000    1.0000
    0.1836    0.0508    0.0310         0    0.6614         0         0    1.0000    1.0000
    0.2734    0.0508    0.0317         0         0         0         0    1.0000    1.0000
    0.1758    0.0508    0.0330         0         0         0         0    1.0000    1.0000
    0.0586    0.0508    0.0305         0    0.7454         0         0    1.0000    1.0000
    0.0820    0.0508    0.0327         0    0.6000         0   90.0000    1.0000    1.0000
    0.1328    0.0508    0.0321         0    0.6614         0   90.0000    1.0000    1.0000
    0.1641    0.0469    0.0312         0         0         0         0    1.0000    1.0000
    0.1641    0.0508    0.0333         0         0         0         0    1.0000    1.0000
    0.0664    0.0430    0.0297         0    0.4753         0  -45.0000    1.0000    1.0000
    0.1523    0.0430    0.0314         0         0         0         0    1.0000    1.0000
    0.1094    0.0547    0.0331         0    0.7988         0  -63.9375    1.0000    0.9412
    0.2305    0.0508    0.0316         0         0         0         0    1.0000    1.0000
    0.2070    0.0469    0.0314         0         0         0         0    1.0000    1.0000
    0.1406    0.0469    0.0334         0         0         0         0    1.0000    1.0000
    0.0664    0.0547    0.0332         0         0         0         0    1.0000    1.0000
    0.1914    0.0469    0.0335         0    0.6614         0         0    1.0000    1.0000
    0.1914    0.0508    0.0312         0         0         0         0    1.0000    1.0000
    0.1250    0.0430    0.0306         0    0.6614         0   90.0000    1.0000    1.0000
    0.1328    0.0430    0.0322         0         0         0         0    1.0000    1.0000
    0.1992    0.0469    0.0323         0         0         0         0    1.0000    1.0000
    0.0664    0.0469    0.0324         0    0.6614         0         0    1.0000    1.0000
    0.1602    0.0547    0.0327         0         0         0         0    1.0000    1.0000
    0.1875    0.0508    0.0310         0         0         0         0    1.0000    1.0000
    0.1797    0.0469    0.0309         0    0.6614         0         0    1.0000    1.0000
    0.1680    0.0547    0.0334         0         0         0         0    1.0000    1.0000
    0.0781    0.0547    0.0307         0         0         0         0    1.0000    1.0000
    0.1250    0.0508    0.0332         0    0.6614         0         0    1.0000    1.0000
    0.1250    0.0469    0.0331         0    0.6614         0   90.0000    1.0000    1.0000
    0.1719    0.0508    0.0331         0         0         0         0    1.0000    1.0000
    0.2266    0.0508    0.0325         0         0         0         0    1.0000    1.0000
    0.0977    0.0469    0.0319         0         0         0         0    1.0000    1.0000
    0.2578    0.0469    0.0319         0         0         0         0    1.0000    1.0000
    0.2031    0.0586    0.0328         0         0         0         0    1.0000    1.0000
    0.1133    0.0469    0.0329         0    0.6789         0  -66.8906    1.0000    1.0000
    0.1992    0.0469    0.0314         0         0         0         0    1.0000    1.0000
    0.1523    0.0508    0.0340         0    0.6614         0         0    1.0000    1.0000
    0.0547    0.0469    0.0313         0         0         0         0    1.0000    1.0000
    0.2344    0.0508    0.0326         0    0.6614         0         0    1.0000    1.0000
    0.2656    0.0430    0.0316         0    0.6614         0         0    1.0000    1.0000
    0.2461    0.0508    0.0311         0         0         0         0    1.0000    1.0000
    0.0781    0.0508    0.0307         0         0         0         0    1.0000    1.0000
    0.1836    0.0508    0.0336         0         0         0         0    1.0000    1.0000
    0.1797    0.0469    0.0317         0    0.6614         0         0    1.0000    1.0000
    0.1602    0.0469    0.0323         0         0         0         0    1.0000    1.0000
    0.1367    0.0469    0.0322         0         0         0         0    1.0000    1.0000
    0.1094    0.0508    0.0329         0    0.8000         0   90.0000    1.0000    1.0000
    0.1133    0.0586    0.0325         0    0.8000         0   90.0000    1.0000    1.0000
    0.0586    0.0430    0.0316    0.8660    0.8660         0         0    1.0000    1.0000
    0.0625    0.0547    0.0325         0         0         0         0    1.0000    1.0000
    0.1016    0.0586    0.0327         0    0.6614         0   90.0000    1.0000    1.0000
    0.1484    0.0508    0.0336         0         0         0         0    1.0000    1.0000
    0.0820    0.0469    0.0320         0    0.4753         0  -45.0000    1.0000    1.0000
    0.1367    0.0664    0.0326         0         0         0         0    1.0000    1.0000
    0.0977    0.0430    0.0308         0    0.6848         0   72.7039    1.0000    1.0000
    0.1289    0.0430    0.0330         0    0.6614         0   90.0000    1.0000    1.0000
    0.0938    0.0430    0.0313         0         0         0         0    1.0000    1.0000
    0.1172    0.0469    0.0329         0    0.6848         0  -72.7039    1.0000    0.9474
    0.1172    0.0469    0.0318         0    0.6614         0   90.0000    1.0000    1.0000
    0.1445    0.0469    0.0326         0         0         0         0    1.0000    1.0000
    0.0625    0.0586    0.0331    0.7454    0.7454   90.0000   90.0000    1.0000    1.0000
    0.1953    0.0469    0.0329         0         0         0         0    1.0000    1.0000
    0.0977    0.0547    0.0325         0    0.6614         0   90.0000    1.0000    1.0000
    0.0898    0.0508    0.0325    0.6614    0.5985         0         0    1.0000    1.0000
    0.0898    0.0508    0.0311         0    0.6190         0  -12.8205    1.0000    1.0000
    0.0859    0.0430    0.0324    0.6614    0.6614         0         0    1.0000    1.0000
    0.1133    0.0469    0.0327         0    0.6614         0         0    1.0000    1.0000
    0.1055    0.0469    0.0321         0         0         0         0    1.0000    1.0000
    0.0977    0.0547    0.0328         0    0.6614         0         0    1.0000    1.0000
    0.0898    0.0469    0.0288         0    0.4753         0  -45.0000    1.0000    1.0000
    0.1016    0.0547    0.0317         0    0.6614         0         0    1.0000    1.0000
    0.0703    0.0469    0.0322         0         0         0         0    1.0000    1.0000
    0.1016    0.0547    0.0330         0    0.8000         0   90.0000    1.0000    1.0000
    0.1094    0.0586    0.0334         0    0.6614         0         0    1.0000    1.0000
    0.0977    0.0508    0.0330         0    0.6614         0   90.0000    1.0000    1.0000
    0.0938    0.0547    0.0320         0    0.4753         0   45.0000    1.0000    1.0000
    0.0781    0.0469    0.0305         0    0.4753         0   45.0000    1.0000    1.0000
    0.0898    0.0586    0.0327         0         0         0         0    1.0000    1.0000
    0.1094    0.0547    0.0338         0         0         0         0    1.0000    1.0000
    0.0781    0.0508    0.0305         0    0.4753         0  -45.0000    1.0000    1.0000
    0.1094    0.0547    0.0315         0    0.6614         0   90.0000    1.0000    1.0000
    0.0898    0.0469    0.0323         0    0.4753         0   45.0000    1.0000    1.0000
    0.0742    0.0547    0.0328         0         0         0         0    1.0000    1.0000
    0.0977    0.0430    0.0299         0    0.4753         0   45.0000    1.0000    1.0000
    0.0859    0.0508    0.0298         0    0.6614         0   90.0000    1.0000    1.0000
    0.0977    0.0547    0.0313         0         0         0         0    1.0000    1.0000
    0.1016    0.0508    0.0319         0         0         0         0    1.0000    1.0000
    0.1133    0.0508    0.0326         0         0         0         0    1.0000    1.0000
    0.0898    0.0469    0.0319    0.6614    0.6614   90.0000   90.0000    1.0000    1.0000
    0.0898    0.0625    0.0333         0    0.6614         0   90.0000    1.0000    1.0000
    0.0820    0.0430    0.0309         0         0         0         0    1.0000    1.0000
    0.0742    0.0430    0.0293    0.6614    0.6614   90.0000   90.0000    1.0000    1.0000
    0.0977    0.0469    0.0320         0    0.4753         0   45.0000    1.0000    1.0000
    0.0547    0.0430    0.0316         0    0.7513         0  -47.8855    1.0000    0.9524
    0.1055    0.0469    0.0311         0    0.4753         0   45.0000    1.0000    1.0000
    0.0859    0.0469    0.0310         0         0         0         0    1.0000    1.0000
    0.0820    0.0586    0.0317         0         0         0         0    1.0000    1.0000
    0.0898    0.0547    0.0313         0         0         0         0    1.0000    1.0000
    0.0977    0.0508    0.0320         0    0.4753         0   45.0000    1.0000    1.0000
    0.1172    0.0469    0.0313         0         0         0         0    1.0000    1.0000
    0.0938    0.0469    0.0312         0    0.6614         0   90.0000    1.0000    1.0000
    0.0938    0.0469    0.0318         0    0.6190         0  -12.8205    1.0000    1.0000
    0.0977    0.0469    0.0317         0    0.4753         0  -45.0000    1.0000    1.0000
    0.0859    0.0430    0.0309         0         0         0         0    1.0000    1.0000
    0.0547    0.0508    0.0318         0         0         0         0    1.0000    1.0000
    0.0859    0.0547    0.0319         0         0         0         0    1.0000    1.0000
    0.0898    0.0430    0.0321         0    0.5985         0         0    1.0000    1.0000
    0.0781    0.0469    0.0313         0         0         0         0    1.0000    1.0000
    0.0820    0.0586    0.0322         0    0.6614         0         0    1.0000    1.0000
    0.0859    0.0469    0.0303         0    0.6614         0         0    1.0000    1.0000
    0.0898    0.0469    0.0319         0    0.4753         0   45.0000    1.0000    1.0000
    0.0938    0.0547    0.0319         0    0.4753         0   45.0000    1.0000    1.0000
    0.1250    0.0547    0.0334         0    0.6614         0         0    1.0000    1.0000
    0.0977    0.0586    0.0302         0         0         0         0    1.0000    1.0000
    0.0977    0.0508    0.0330         0         0         0         0    1.0000    1.0000
    0.0703    0.0508    0.0310         0         0         0         0    1.0000    1.0000
    0.0938    0.0547    0.0321         0    0.6614         0         0    1.0000    1.0000
    0.1094    0.0547    0.0322         0    0.6614         0   90.0000    1.0000    1.0000
    0.0859    0.0547    0.0299         0    0.6614         0   90.0000    1.0000    1.0000
    0.0859    0.0547    0.0322         0         0         0         0    1.0000    1.0000
    0.0859    0.0586    0.0315         0    0.6614         0         0    1.0000    1.0000
    0.1055    0.0547    0.0311         0    0.6614         0   90.0000    1.0000    1.0000
    0.1055    0.0508    0.0329         0    0.6614         0   90.0000    1.0000    1.0000
    0.1055    0.0625    0.0306         0         0         0         0    1.0000    1.0000
    0.0938    0.0547    0.0336         0         0         0         0    1.0000    1.0000
    0.0898    0.0547    0.0313         0    0.6614         0   90.0000    1.0000    1.0000
    0.0820    0.0469    0.0307         0         0         0         0    1.0000    1.0000
    0.1133    0.0508    0.0329         0    0.4753         0  -45.0000    1.0000    1.0000
    0.1016    0.0469    0.0320         0    0.6614         0   90.0000    1.0000    1.0000
    0.1016    0.0508    0.0308         0    0.6614         0   90.0000    1.0000    1.0000
    0.0898    0.0547    0.0329         0    0.4753         0   45.0000    1.0000    1.0000
    0.1133    0.0508    0.0322         0    0.4753         0   45.0000    1.0000    1.0000
    0.0938    0.0508    0.0310         0         0         0         0    1.0000    1.0000
    0.1094    0.0430    0.0302         0         0         0         0    1.0000    1.0000
    0.1172    0.0508    0.0323         0    0.6614         0   90.0000    1.0000    1.0000
    0.0898    0.0547    0.0326         0    0.6614         0   90.0000    1.0000    1.0000
    0.1055    0.0469    0.0314         0    0.6614         0   90.0000    1.0000    1.0000
    0.0625    0.0430    0.0321         0         0         0         0    1.0000    1.0000
    0.1016    0.0508    0.0333         0    0.6614         0         0    1.0000    1.0000
    0.1133    0.0508    0.0326         0    0.4753         0   45.0000    1.0000    1.0000
    0.1172    0.0586    0.0327         0         0         0         0    1.0000    1.0000
    0.1289    0.0469    0.0325         0    0.6614         0   90.0000    1.0000    1.0000
    0.1133    0.0469    0.0324         0    0.4753         0  -45.0000    1.0000    1.0000
    0.1055    0.0469    0.0326         0    0.4753         0  -45.0000    1.0000    1.0000
    0.0938    0.0586    0.0318         0    0.6614         0         0    1.0000    1.0000
    0.1211    0.0508    0.0317         0    0.6614         0   90.0000    1.0000    1.0000
    0.0977    0.0469    0.0309         0         0         0         0    1.0000    1.0000
    0.1250    0.0625    0.0310         0    0.4753         0   45.0000    1.0000    1.0000
    0.0703    0.0469    0.0313         0         0         0         0    1.0000    1.0000
    0.1055    0.0508    0.0334         0    0.6614         0         0    1.0000    1.0000
    0.1133    0.0469    0.0322         0    0.4753         0  -45.0000    1.0000    1.0000
    0.0977    0.0391    0.0315    0.6521         0   45.0000         0    1.0000    1.0000
    0.1055    0.0508    0.0330         0    0.4753         0   45.0000    1.0000    1.0000
    0.0977    0.0469    0.0331         0    0.5985         0   90.0000    1.0000    1.0000
    0.1094    0.0430    0.0311         0    0.6789         0   66.8906    1.0000    1.0000
    0.1094    0.0547    0.0323         0         0         0         0    1.0000    1.0000
    0.1094    0.0508    0.0331         0    0.6614         0   90.0000    1.0000    1.0000
    0.1016    0.0469    0.0313         0    0.6614         0   90.0000    1.0000    1.0000
    0.1211    0.0508    0.0330         0    0.6614         0   90.0000    1.0000    1.0000
    0.0625    0.0586    0.0321         0         0         0         0    1.0000    1.0000
    0.0508    0.0430    0.0308         0         0         0         0    1.0000    1.0000
    0.1328    0.0430    0.0319         0    0.4753         0   45.0000    1.0000    1.0000
    0.1055    0.0508    0.0339         0    0.4753         0   45.0000    1.0000    1.0000
    0.1094    0.0547    0.0326         0    0.4753         0   45.0000    1.0000    1.0000
    0.0898    0.0586    0.0330         0    0.4753         0   45.0000    1.0000    1.0000
    0.1016    0.0547    0.0340         0         0         0         0    1.0000    1.0000
    0.1211    0.0508    0.0325         0    0.6614         0   90.0000    1.0000    1.0000
    0.0977    0.0547    0.0327         0    0.4753         0   45.0000    1.0000    1.0000
    0.1172    0.0625    0.0345         0    0.4753         0   45.0000    1.0000    1.0000
    0.1094    0.0547    0.0317         0    0.6848         0   72.7039    1.0000    1.0000
    0.1055    0.0547    0.0327         0    0.4753         0   45.0000    1.0000    1.0000
    0.0742    0.0430    0.0313         0         0         0         0    1.0000    1.0000
    0.1055    0.0430    0.0328         0         0         0         0    1.0000    1.0000
    0.1172    0.0430    0.0326    0.6614    0.6614   90.0000   90.0000    1.0000    1.0000
    0.0859    0.0430    0.0319         0    0.6190         0  -77.1795    1.0000    1.0000
    0.1133    0.0508    0.0315         0    0.4753         0   45.0000    1.0000    1.0000
    0.1055    0.0430    0.0330         0         0         0         0    1.0000    1.0000
    0.1094    0.0586    0.0337    0.6614    0.6614   90.0000   90.0000    1.0000    1.0000
    0.1328    0.0508    0.0318         0    0.6614         0   90.0000    1.0000    1.0000
    0.1250    0.0508    0.0335         0    0.6614         0   90.0000    1.0000    1.0000
    0.1094    0.0508    0.0320         0    0.4753         0   45.0000    1.0000    1.0000
    0.1211    0.0508    0.0315         0    0.6614         0   90.0000    1.0000    1.0000
    0.0742    0.0469    0.0303         0         0         0         0    1.0000    1.0000
    0.1094    0.0703    0.0331         0    0.6614         0   90.0000    1.0000    1.0000
    0.1211    0.0703    0.0343         0    0.6521         0   45.0000    1.0000    1.0000
    0.1250    0.0664    0.0341         0         0         0         0    1.0000    1.0000
    0.1250    0.0703    0.0320         0    0.6614         0   90.0000    1.0000    1.0000
    0.1172    0.0625    0.0331         0    0.4753         0   45.0000    1.0000    1.0000
    0.1172    0.0625    0.0327         0    0.4753         0   45.0000    1.0000    1.0000
    0.1016    0.0703    0.0334         0    0.6614         0         0    1.0000    1.0000
    0.1250    0.0508    0.0331         0    0.6614         0   90.0000    1.0000    1.0000
    0.1094    0.0664    0.0336         0    0.4753         0   45.0000    1.0000    1.0000
    0.1289    0.0547    0.0332         0         0         0         0    1.0000    1.0000
    0.0664    0.0469    0.0311         0         0         0         0    1.0000    1.0000
    0.1094    0.0625    0.0325         0    0.4753         0   45.0000    1.0000    1.0000
    0.1250    0.0625    0.0343         0    0.6614         0   90.0000    1.0000    1.0000
    0.1055    0.0547    0.0321    0.6614    0.6190         0   77.1795    1.0000    1.0000
    0.1289    0.0625    0.0335         0    0.6614         0         0    1.0000    1.0000
    0.1133    0.0742    0.0339         0    0.6521         0   45.0000    1.0000    1.0000
    0.1328    0.0508    0.0312         0    0.6614         0   90.0000    1.0000    1.0000
    0.1289    0.0547    0.0325         0    0.6614         0   90.0000    1.0000    1.0000
    0.1250    0.0625    0.0336         0    0.4753         0   45.0000    1.0000    1.0000
    0.1211    0.0547    0.0321         0    0.4753         0   45.0000    1.0000    1.0000
    0.1211    0.0430    0.0339    0.6614    0.5985   90.0000   90.0000    1.0000    1.0000
    0.0820    0.0508    0.0337         0         0         0         0    1.0000    1.0000
    0.1211    0.0586    0.0316         0    0.6848         0   72.7039    1.0000    0.9474
    0.1094    0.0469    0.0321         0    0.6000         0   90.0000    1.0000    1.0000
    0.1289    0.0625    0.0338         0    0.6614         0   90.0000    1.0000    1.0000
    0.1289    0.0430    0.0330         0    0.5985         0   90.0000    1.0000    1.0000
    0.1289    0.0508    0.0328         0    0.4753         0   45.0000    1.0000    1.0000
    0.1211    0.0625    0.0314         0    0.6614         0   90.0000    1.0000    1.0000
    0.1406    0.0508    0.0329         0    0.4753         0   45.0000    1.0000    1.0000
    0.1367    0.0547    0.0331         0    0.4753         0   45.0000    1.0000    1.0000
    0.1367    0.0625    0.0328         0    0.4753         0  -45.0000    1.0000    1.0000
    0.1211    0.0508    0.0342         0    0.6848         0   72.7039    1.0000    0.9474
    0.0664    0.0469    0.0310         0         0         0         0    1.0000    1.0000
    0.1328    0.0547    0.0318         0    0.4753         0   45.0000    1.0000    1.0000
    0.1211    0.0547    0.0337         0         0         0         0    1.0000    1.0000
    0.1250    0.0625    0.0317         0    0.5985         0   90.0000    1.0000    1.0000
    0.1328    0.0664    0.0340    0.6614    0.6614   90.0000   90.0000    1.0000    1.0000
    0.1211    0.0742    0.0339         0    0.6190         0   77.1795    1.0000    1.0000
    0.1367    0.0469    0.0351         0         0         0         0    1.0000    1.0000
    0.1250    0.0469    0.0325         0    0.6190         0   77.1795    1.0000    1.0000
    0.1484    0.0625    0.0335         0    0.6614         0   90.0000    1.0000    1.0000
    0.1289    0.0508    0.0330         0    0.8000         0   90.0000    1.0000    1.0000
    0.1289    0.0547    0.0331         0    0.5985         0   90.0000    1.0000    1.0000
    0.0820    0.0469    0.0312         0         0         0         0    1.0000    1.0000
    0.1172    0.0508    0.0323         0    0.5332         0   51.0474    1.0000    0.9545
    0.1328    0.0547    0.0341         0    0.5985         0   90.0000    1.0000    1.0000
    0.1172    0.0703    0.0314         0    0.4753         0   45.0000    1.0000    1.0000
    0.1289    0.0586    0.0324         0         0         0         0    1.0000    1.0000
    0.1445    0.0508    0.0359         0    0.6190         0  -77.1795    1.0000    1.0000
    0.1211    0.0586    0.0334         0    0.6112         0   45.0000    1.0000    0.9524
    0.1406    0.0664    0.0326         0    0.6614         0   90.0000    1.0000    1.0000
    0.1289    0.0664    0.0336         0    0.6789         0   66.8906    1.0000    1.0000
    0.1328    0.0703    0.0343         0    0.5985         0   90.0000    1.0000    1.0000
    0.1367    0.0508    0.0331         0    0.6190         0   77.1795    1.0000    1.0000
    0.0625    0.0430    0.0306         0         0         0         0    1.0000    1.0000
    0.1289    0.0586    0.0328         0    0.8000         0   90.0000    1.0000    1.0000
    0.1250    0.0625    0.0349         0    0.6190         0   77.1795    1.0000    1.0000
    0.1328    0.0508    0.0345         0    0.4753         0   45.0000    1.0000    1.0000
    0.1445    0.0469    0.0345         0    0.6190         0   77.1795    1.0000    1.0000
    0.1289    0.0547    0.0318         0    0.6789         0   66.8906    1.0000    1.0000
    0.1367    0.0742    0.0314         0    0.4753         0  -45.0000    1.0000    1.0000
    0.1172    0.0508    0.0338    0.6521    0.6302  -45.0000   49.4167    1.0000    1.0000
    0.1367    0.0703    0.0335         0    0.8000         0   90.0000    1.0000    1.0000
    0.1211    0.0625    0.0323         0    0.5551         0   45.0000    1.0000    1.0000
    0.1250    0.0547    0.0335         0    0.6190         0   77.1795    1.0000    1.0000
    0.0625    0.0547    0.0310         0         0         0         0    1.0000    1.0000
    0.1328    0.0742    0.0316         0    0.6614         0   90.0000    1.0000    1.0000
    0.1445    0.0508    0.0341         0    0.6190         0   77.1795    1.0000    1.0000
    0.1289    0.0586    0.0336         0    0.6789         0   66.8906    1.0000    1.0000
    0.1406    0.0664    0.0328         0         0         0         0    1.0000    1.0000
    0.1328    0.0742    0.0342         0         0         0         0    1.0000    1.0000
    0.1445    0.0586    0.0328         0    0.6614         0   90.0000    1.0000    1.0000
    0.1328    0.0781    0.0332         0         0         0         0    1.0000    1.0000
    0.1406    0.0508    0.0334         0    0.6789         0   66.8906    1.0000    1.0000
    0.1367    0.0547    0.0323         0    0.6190         0  -12.8205    1.0000    1.0000
    0.1523    0.0508    0.0314         0    0.6190         0  -12.8205    1.0000    1.0000
    0.0547    0.0547    0.0328         0         0         0         0    1.0000    1.0000
    0.1367    0.0586    0.0350         0    0.6190         0   77.1795    1.0000    1.0000
    0.1523    0.0586    0.0339         0    0.6302         0   49.4167    1.0000    0.9565
    0.1562    0.0547    0.0330         0    0.6190         0   77.1795    1.0000    1.0000
    0.1328    0.0586    0.0324         0    0.6190         0   77.1795    1.0000    1.0000
    0.1562    0.0586    0.0327         0         0         0         0    1.0000    1.0000
    0.1484    0.0703    0.0334         0    0.6190         0   77.1795    1.0000    1.0000
    0.1328    0.0664    0.0335         0    0.6190         0   77.1795    1.0000    1.0000
    0.1484    0.0703    0.0327         0    0.6190         0   77.1795    1.0000    1.0000
    0.1406    0.0508    0.0329         0    0.6190         0   77.1795    1.0000    1.0000
    0.1562    0.0508    0.0333         0    0.6190         0  -12.8205    1.0000    1.0000
    0.0625    0.0430    0.0320         0         0         0         0    1.0000    1.0000
    0.0703    0.0469    0.0301         0         0         0         0    1.0000    1.0000
    0.1211    0.0508    0.0332    0.6614    0.6597         0   33.6901    1.0000    0.9630
    0.1367    0.0547    0.0323         0    0.6000         0   90.0000    1.0000    1.0000
    0.1445    0.0469    0.0326         0    0.6190         0   77.1795    1.0000    1.0000
    0.1406    0.0625    0.0329         0    0.4191         0   45.0000    1.0000    1.0000
    0.1523    0.0508    0.0321         0    0.4191         0   45.0000    1.0000    1.0000
    0.1484    0.0664    0.0326         0         0         0         0    1.0000    1.0000
    0.1484    0.0664    0.0345         0    0.6190         0   77.1795    1.0000    1.0000
    0.1523    0.0625    0.0340         0    0.6190         0   77.1795    1.0000    1.0000
    0.1484    0.0664    0.0332         0    0.6190         0   77.1795    1.0000    1.0000
    0.1484    0.0664    0.0326         0    0.6190         0   77.1795    1.0000    1.0000
    0.0586    0.0508    0.0327         0         0         0         0    1.0000    1.0000
    0.1602    0.0664    0.0335         0    0.6848         0   72.7039    1.0000    0.9474
    0.1367    0.0664    0.0342         0    0.4191         0   45.0000    1.0000    1.0000
    0.1367    0.0508    0.0334    0.6614    0.4191   90.0000   45.0000    1.0000    1.0000
    0.1719    0.0781    0.0345         0    0.5985         0   90.0000    1.0000    1.0000
    0.1445    0.0781    0.0345         0    0.6000         0   90.0000    1.0000    1.0000
    0.1680    0.0586    0.0315         0    0.5551         0   45.0000    1.0000    1.0000
    0.1484    0.0742    0.0348         0    0.6302         0   49.4167    1.0000    0.9565
    0.1562    0.0586    0.0342         0    0.3503         0   56.3099    1.0000    1.0000
    0.1484    0.0703    0.0326         0    0.4191         0   45.0000    1.0000    1.0000
    0.1523    0.0586    0.0328         0    0.6190         0   77.1795    1.0000    1.0000
    0.0586    0.0508    0.0330         0         0         0         0    1.0000    1.0000
    0.1445    0.0742    0.0331         0    0.4191         0   45.0000    1.0000    1.0000
    0.1680    0.0664    0.0330         0    0.6190         0   77.1795    1.0000    1.0000
    0.1602    0.0703    0.0345         0    0.6302         0   49.4167    1.0000    0.9565
    0.1445    0.0742    0.0347         0    0.6000         0   90.0000    1.0000    1.0000
    0.1523    0.0625    0.0353         0    0.6477         0   65.0276    1.0000    1.0000
    0.1719    0.0469    0.0332         0    0.5106         0   52.1079    1.0000    0.9583
    0.1680    0.0781    0.0333         0    0.6190         0   77.1795    1.0000    1.0000
    0.1602    0.0625    0.0333         0    0.6000         0   90.0000    1.0000    1.0000
    0.1602    0.0703    0.0345         0    0.6190         0   77.1795    1.0000    1.0000
    0.1719    0.0625    0.0347         0    0.4191         0   45.0000    1.0000    1.0000
    0.0508    0.0508    0.0329         0         0         0         0    1.0000    1.0000
    0.1602    0.0664    0.0331         0    0.6000         0   90.0000    1.0000    1.0000
    0.1445    0.0977    0.0348         0    0.7464         0   83.8388    1.0000    1.0000
    0.1562    0.0781    0.0337         0    0.6190         0   77.1795    1.0000    1.0000
    0.1562    0.0742    0.0335         0    0.6000         0   90.0000    1.0000    1.0000
    0.1523    0.0586    0.0346         0    0.6862         0   66.8045    1.0000    1.0000
    0.1445    0.0703    0.0343         0    0.4191         0   45.0000    1.0000    1.0000
    0.1875    0.0664    0.0331         0    0.6477         0   65.0276    1.0000    1.0000
    0.1641    0.0664    0.0335         0    0.3503         0  -56.3099    1.0000    0.9565
    0.1484    0.1094    0.0329         0    0.6190         0   77.1795    1.0000    1.0000
    0.1484    0.0586    0.0339         0    0.6734         0    1.1030    1.0000    0.9250
    0.0625    0.0469    0.0325         0    0.4753         0  -45.0000    1.0000    1.0000
    0.1602    0.0781    0.0346         0    0.3503         0  -56.3099    1.0000    0.9565
    0.1641    0.0781    0.0342         0    0.5106         0   52.1079    1.0000    0.9583
    0.1719    0.0742    0.0338         0    0.4191         0  -45.0000    1.0000    1.0000
    0.1719    0.0703    0.0332         0    0.7611         0   77.4426    1.0000    1.0000
    0.1641    0.0781    0.0348         0    0.6000         0   90.0000    1.0000    1.0000
    0.1680    0.0898    0.0346         0    0.6000         0   90.0000    1.0000    1.0000
    0.1719    0.0898    0.0335         0    0.6190         0   77.1795    1.0000    1.0000
    0.1602    0.0586    0.0337         0    0.6300         0   62.4394    1.0000    0.9643
    0.1758    0.0547    0.0337         0    0.5551         0   45.0000    1.0000    1.0000
    0.1719    0.0781    0.0340         0    0.6477         0   65.0276    1.0000    1.0000
    0.0703    0.0508    0.0330         0    0.6614         0         0    1.0000    1.0000
    0.1680    0.0938    0.0336    0.6614    0.6477         0   65.0276    1.0000    1.0000
    0.1836    0.0781    0.0338         0    0.7464         0   83.8388    1.0000    1.0000
    0.1719    0.1250    0.0332         0    0.6848         0   72.7039    1.0000    0.9474
    0.1719    0.0859    0.0338         0    0.6190         0   77.1795    1.0000    1.0000
    0.1836    0.0781    0.0343         0    0.1259         0   90.0000    1.0000    1.0000
    0.1836    0.0977    0.0336         0    0.6000         0   90.0000    1.0000    1.0000
    0.1875    0.1016    0.0336         0    0.5106         0   52.1079    1.0000    1.0000
    0.1953    0.0859    0.0357         0    0.5551         0   45.0000    1.0000    1.0000
    0.1680    0.0977    0.0340         0    0.5822         0   81.4645    1.0000    1.0000
    0.1836    0.0742    0.0350         0    0.6131         0   69.4955    1.0000    1.0000
    0.0664    0.0469    0.0318         0         0         0         0    1.0000    1.0000
    0.1641    0.1094    0.0357         0    0.6267         0   72.8921    1.0000    0.9630
    0.1758    0.0820    0.0350         0    0.6267         0   72.8921    1.0000    0.9630
    0.1836    0.0742    0.0349         0    0.5676         0   78.8297    1.0000    1.0000
    0.1914    0.0938    0.0334         0    0.6302         0   49.4167    1.0000    1.0000
    0.1914    0.0781    0.0343         0    0.6131         0   69.4955    1.0000    1.0000
    0.1797    0.1250    0.0347         0    0.3503         0   56.3099    1.0000    0.9565
    0.1680    0.0703    0.0344    0.6614    0.6131   90.0000   69.4955    1.0000    1.0000
    0.1953    0.1055    0.0341    0.6614    0.6954   90.0000   60.5326    1.0000    1.0000
    0.1836    0.0977    0.0345         0    0.6131         0   69.4955    1.0000    1.0000
    0.1758    0.0977    0.0337         0    0.6300         0   62.4394    1.0000    0.9643
    0.0859    0.0508    0.0305         0         0         0         0    1.0000    1.0000
    0.1602    0.0781    0.0347    0.6521    0.8160  -45.0000   12.6145    1.0000    0.8864
    0.1797    0.0664    0.0333         0    0.5164         0   10.9956    1.0000    0.9070
    0.1719    0.1133    0.0331         0    0.6644         0  -15.5447    1.0000    0.9211
    0.1875    0.0781    0.0343         0    0.5676         0   78.8297    1.0000    1.0000
    0.1719    0.0977    0.0345         0    0.6694         0   66.7102    1.0000    1.0000
    0.1875    0.0820    0.0347         0    0.5676         0   78.8297    1.0000    1.0000
    0.1797    0.1055    0.0343         0    0.7464         0  -83.8388    1.0000    1.0000
    0.1797    0.0859    0.0332         0    0.6198         0   73.7938    1.0000    1.0000
    0.1914    0.1094    0.0342         0    0.7453         0   59.7461    1.0000    1.0000
    0.2227    0.0781    0.0328         0    0.6331         0   66.0236    1.0000    1.0000
    0.1016    0.0469    0.0334         0         0         0         0    1.0000    1.0000
    0.1719    0.1250    0.0339    0.6614    0.7464         0   83.8388    1.0000    1.0000
    0.1758    0.1211    0.0338         0    0.5378         0   90.0000    1.0000    1.0000
    0.1953    0.1055    0.0344         0    0.6267         0   72.8921    1.0000    0.9630
    0.1797    0.1328    0.0333         0    0.6267         0   72.8921    1.0000    0.9630
    0.1914    0.1094    0.0342         0    0.5634         0   77.5084    1.0000    1.0000
    0.1875    0.1094    0.0339         0    0.7555         0   74.2650    1.0000    0.9667
    0.2070    0.1250    0.0334         0    0.6614         0   90.0000    1.0000    1.0000
    0.2031    0.1367    0.0336         0         0         0         0    1.0000    1.0000
    0.1992    0.1133    0.0329    0.6614    0.6837   90.0000   79.5809    1.0000    0.9688
    0.1914    0.1094    0.0329         0    0.5676         0   78.8297    1.0000    1.0000
    0.0703    0.0430    0.0311         0    0.6614         0         0    1.0000    1.0000
    0.1992    0.1289    0.0334         0    0.7720         0   79.9265    1.0000    0.9565
    0.1875    0.1133    0.0330    0.6614    0.5969   90.0000  -82.8093    1.0000    1.0000
    0.2188    0.0938    0.0328         0    0.5969         0   82.8093    1.0000    0.9643
    0.2109    0.1133    0.0322         0    0.5521         0   90.0000    1.0000    1.0000
    0.1797    0.1367    0.0326         0    0.4879         0   50.8532    1.0000    1.0000
    0.1992    0.1641    0.0331         0    0.6614         0   90.0000    1.0000    1.0000
    0.1953    0.1289    0.0329         0    0.7117         0   67.6722    1.0000    0.9630
    0.1914    0.1328    0.0317    0.6521    0.7720   45.0000   79.9265    1.0000    0.9565
    0.1836    0.0977    0.0327    0.6614    0.6410         0   64.4267    1.0000    1.0000
    0.2305    0.0898    0.0325         0    0.8255         0  -86.9267    1.0000    1.0000
    0.0664    0.0469    0.0316         0         0         0         0    1.0000    1.0000
    0.0547    0.0391    0.0289         0    0.6614         0         0    1.0000    1.0000
    0.1992    0.1797    0.0328         0    0.6614         0   90.0000    1.0000    1.0000
    0.2070    0.1055    0.0329         0    0.8890         0    3.1863    1.0000    0.8243
    0.1836    0.1602    0.0327         0    0.7513         0   47.8855    1.0000    1.0000
    0.2227    0.1055    0.0334         0    0.6245         0  -13.6161    1.0000    0.8444
    0.2188    0.1406    0.0330         0    0.7454         0   90.0000    1.0000    1.0000
    0.2109    0.1641    0.0328         0    0.4753         0   45.0000    1.0000    1.0000
    0.2227    0.1641    0.0328         0    0.4753         0  -45.0000    1.0000    1.0000
    0.1914    0.1875    0.0324         0    0.6614         0         0    1.0000    1.0000
    0.2109    0.1367    0.0328         0    0.6198         0  -73.7938    1.0000    1.0000
    0.2227    0.1406    0.0332         0    0.6954         0   60.5326    1.0000    1.0000
    0.0664    0.0430    0.0304         0         0         0         0    1.0000    1.0000
    0.2109    0.1797    0.0328    0.6521    0.9015   45.0000  -28.0372    1.0000    0.7941
    0.2227    0.1797    0.0324         0    0.4753         0  -45.0000    1.0000    1.0000
    0.2344    0.1289    0.0324         0    0.6190         0  -77.1795    1.0000    1.0000
    0.1914    0.1641    0.0325    0.6614         0         0         0    1.0000    1.0000
    0.1875    0.1445    0.0329         0    0.6826         0   51.7634    1.0000    0.9250
    0.2070    0.1875    0.0326    0.6614    0.8660   90.0000   81.8699    1.0000    0.9600
    0.2422    0.1758    0.0322         0    0.4753         0  -45.0000    1.0000    1.0000
    0.2070    0.1758    0.0325         0    0.4753         0  -45.0000    1.0000    1.0000
    0.1875    0.1406    0.0328         0    0.8186         0   70.0242    1.0000    0.9655
    0.2109    0.1875    0.0317         0    0.4753         0  -45.0000    1.0000    1.0000
    0.0703    0.0469    0.0324         0         0         0         0    1.0000    1.0000
    0.2070    0.1719    0.0315         0    0.8000         0   90.0000    1.0000    1.0000
    0.2188    0.1367    0.0319         0    0.5969         0   82.8093    1.0000    0.9643
    0.1914    0.1836    0.0315         0         0         0         0    1.0000    1.0000
    0.1914    0.1602    0.0320         0    0.7739         0  -79.8054    1.0000    0.9394
    0.2070    0.1914    0.0325         0    0.9068         0   37.7399    1.0000    0.8276
    0.2148    0.1875    0.0319         0    0.6521         0  -45.0000    1.0000    1.0000
    0.1914    0.1680    0.0318         0    0.9080         0   34.1720    1.0000    0.8000
    0.2148    0.2031    0.0318         0         0         0         0    1.0000    1.0000
    0.2148    0.1953    0.0316         0    0.6614         0   90.0000    1.0000    1.0000
    0.1992    0.1836    0.0319         0    0.4753         0  -45.0000    1.0000    1.0000
    0.0664    0.0508    0.0311         0         0         0         0    1.0000    1.0000
    0.2188    0.2148    0.0319         0         0         0         0    1.0000    1.0000
    0.2109    0.1758    0.0313         0    0.9270         0         0    1.0000    1.0000
    0.2266    0.2031    0.0320         0         0         0         0    1.0000    1.0000
    0.2344    0.1992    0.0318         0    0.6614         0         0    1.0000    1.0000
    0.2305    0.1875    0.0321         0    0.8000         0         0    1.0000    1.0000
    0.2148    0.2031    0.0316         0         0         0         0    1.0000    1.0000
    0.2344    0.2148    0.0322         0    0.6614         0         0    1.0000    1.0000
    0.2305    0.1914    0.0319         0    0.8660         0    8.1301    1.0000    0.9600
    0.2383    0.2344    0.0316         0         0         0         0    1.0000    1.0000
    0.2344    0.2148    0.0318         0         0         0         0    1.0000    1.0000
    0.0781    0.0508    0.0306         0         0         0         0    1.0000    1.0000
    0.2344    0.1914    0.0317         0    0.6614         0         0    1.0000    1.0000
    0.1992    0.1953    0.0317         0         0         0         0    1.0000    1.0000
    0.2188    0.2148    0.0313         0         0         0         0    1.0000    1.0000
    0.2383    0.2109    0.0315         0    0.6614         0         0    1.0000    1.0000
    0.2461    0.2305    0.0315    0.8660    0.8660         0         0    1.0000    1.0000
    0.2734    0.2461    0.0316         0    0.6614         0         0    1.0000    1.0000
    0.2695    0.1836    0.0312         0    0.8660         0         0    1.0000    1.0000
    0.2383    0.2188    0.0317    0.6614    0.8660         0         0    1.0000    1.0000
    0.2422    0.2227    0.0313         0         0         0         0    1.0000    1.0000
    0.2148    0.2109    0.0312         0    0.6614         0         0    1.0000    1.0000
    0.0781    0.0547    0.0323         0         0         0         0    1.0000    1.0000
    0.2695    0.1836    0.0313         0    0.9270         0         0    1.0000    1.0000
    0.2695    0.1836    0.0317         0    0.9270         0         0    1.0000    1.0000
    0.2188    0.1914    0.0315    0.8000    0.8000         0         0    1.0000    1.0000
    0.2617    0.2578    0.0312         0         0         0         0    1.0000    1.0000
    0.2773    0.2539    0.0316         0    0.9035         0         0    1.0000    1.0000
    0.2617    0.2188    0.0315         0    0.8000         0         0    1.0000    1.0000
    0.2656    0.2578    0.0315         0    0.6614         0         0    1.0000    1.0000
    0.2617    0.1836    0.0315         0    0.8660         0         0    1.0000    1.0000
    0.2500    0.1836    0.0318    0.8000    0.9428         0         0    1.0000    1.0000
    0.2812    0.2188    0.0317         0    0.9035         0         0    1.0000    1.0000
    0.0820    0.0547    0.0319         0         0         0         0    1.0000    1.0000
    0.2656    0.2266    0.0318         0    0.9270         0         0    1.0000    1.0000
    0.2852    0.2656    0.0317         0         0         0         0    1.0000    1.0000
    0.3008    0.2266    0.0318         0    0.8660         0         0    1.0000    1.0000
    0.2617    0.2461    0.0314         0    0.8000         0         0    1.0000    1.0000
    0.2773    0.2734    0.0317         0         0         0         0    1.0000    1.0000
    0.2852    0.2812    0.0316    0.6614    0.8000         0         0    1.0000    1.0000
    0.2930    0.2852    0.0317         0         0         0         0    1.0000    1.0000
    0.3164    0.2695    0.0318         0         0         0         0    1.0000    1.0000
    0.2812    0.2773    0.0320         0         0         0         0    1.0000    1.0000
    0.2852    0.2656    0.0320         0    0.6614         0         0    1.0000    1.0000
    0.0508    0.0469    0.0316         0         0         0         0    1.0000    1.0000
    0.3047    0.2656    0.0318         0    0.8000         0         0    1.0000    1.0000
    0.3203    0.2812    0.0320         0    0.8660         0         0    1.0000    1.0000
    0.3203    0.2461    0.0320         0    0.9035         0         0    1.0000    1.0000
    0.3320    0.2578    0.0321    0.6614    0.9270         0         0    1.0000    1.0000
    0.3281    0.2969    0.0320         0    0.8000         0         0    1.0000    1.0000
    0.3477    0.2578    0.0323    0.6614    0.9270         0         0    1.0000    1.0000
    0.3125    0.3047    0.0320    0.8000    0.9270         0         0    1.0000    1.0000
    0.3672    0.2461    0.0320         0    0.9539         0         0    1.0000    1.0000
    0.3320    0.3242    0.0322    0.8000    0.8660         0         0    1.0000    1.0000
    0.3398    0.3047    0.0320         0    0.8660         0         0    1.0000    1.0000
    0.0586    0.0430    0.0330    0.8535    0.7558  -45.0000  -65.8668    0.8947    0.9615
    0.3281    0.2734    0.0323    0.8660    0.9621         0         0    1.0000    1.0000
    0.3398    0.2500    0.0321         0    0.9428         0         0    1.0000    1.0000
    0.3438    0.3164    0.0321         0    0.6614         0         0    1.0000    1.0000
    0.3711    0.3320    0.0322    0.6614    0.8000         0         0    1.0000    1.0000
    0.3281    0.3164    0.0323         0         0         0         0    1.0000    1.0000
    0.3633    0.3516    0.0323    0.8000    0.8000         0         0    1.0000    1.0000
    0.3633    0.3164    0.0321         0    0.9682         0         0    1.0000    1.0000
    0.3867    0.3672    0.0321         0         0         0         0    1.0000    1.0000
    0.3867    0.3242    0.0322         0    0.9428         0         0    1.0000    1.0000
    0.3242    0.3008    0.0322         0    0.8947         0    1.7439    1.0000    1.0000
    0.0742    0.0508    0.0306         0    0.6614         0         0    1.0000    1.0000
    0.4258    0.4180    0.0321         0         0         0         0    1.0000    1.0000
    0.4023    0.3203    0.0321         0    0.9768         0         0    1.0000    1.0000
    0.4141    0.3906    0.0322         0    0.6614         0         0    1.0000    1.0000
    0.4102    0.3945    0.0322         0    0.9428         0         0    1.0000    1.0000
    0.3828    0.3711    0.0321         0    0.6614         0         0    1.0000    1.0000
    0.4062    0.3359    0.0322         0    0.8660         0         0    1.0000    1.0000
    0.4102    0.3828    0.0322         0    0.6614         0         0    1.0000    1.0000
    0.3750    0.3750    0.0320         0    0.8000         0         0    1.0000    1.0000
    0.4609    0.3906    0.0321         0    0.9035         0         0    1.0000    1.0000
    0.4492    0.3789    0.0321    0.6614    0.9270         0         0    1.0000    1.0000
    0.0664    0.0469    0.0328         0    0.6614         0         0    1.0000    1.0000
    0.0781    0.0469    0.0321         0    0.8000         0         0    1.0000    1.0000
    0.4609    0.3477    0.0322         0    0.9035         0         0    1.0000    1.0000
    0.4570    0.4297    0.0321         0    0.9035         0         0    1.0000    1.0000
    0.4414    0.3438    0.0321         0    0.9621         0         0    1.0000    1.0000
    0.4609    0.4023    0.0322         0         0         0         0    1.0000    1.0000
    0.4258    0.4180    0.0321         0         0         0         0    1.0000    1.0000
    0.6328    0.3906    0.0325         0    0.6614         0         0    1.0000    1.0000
    0.5156    0.4336    0.0325         0    0.6614         0         0    1.0000    1.0000
    0.0625    0.0469    0.0312         0         0         0         0    1.0000    1.0000
    0.0664    0.0430    0.0312         0         0         0         0    1.0000    1.0000
    0.0625    0.0469    0.0321         0    0.6614         0   90.0000    1.0000    1.0000
    0.0664    0.0547    0.0332         0    0.6521         0   45.0000    1.0000    1.0000
    0.0625    0.0547    0.0339         0         0         0         0    1.0000    1.0000
    0.0820    0.0508    0.0318         0         0         0         0    1.0000    1.0000
    0.0664    0.0469    0.0318         0         0         0         0    1.0000    1.0000
    0.0586    0.0547    0.0325    0.6614    0.6614         0         0    1.0000    1.0000
    0.0703    0.0469    0.0308         0    0.4753         0   45.0000    1.0000    1.0000
    0.0586    0.0469    0.0303         0    0.6614         0         0    1.0000    1.0000
    0.0586    0.0469    0.0321         0    0.6848         0  -17.2961    1.0000    0.9474
    0.0742    0.0508    0.0314         0    0.6614         0         0    1.0000    1.0000
    0.0859    0.0508    0.0313         0         0         0         0    1.0000    1.0000
    0.0781    0.0547    0.0311         0    0.4753         0  -45.0000    1.0000    1.0000
    0.0820    0.0508    0.0323         0    0.6614         0   90.0000    1.0000    1.0000
    0.0664    0.0469    0.0314         0    0.6614         0         0    1.0000    1.0000
    0.0742    0.0430    0.0305         0    0.6614         0         0    1.0000    1.0000
    0.0625    0.0547    0.0310         0         0         0         0    1.0000    1.0000
    0.0781    0.0547    0.0341         0         0         0         0    1.0000    1.0000
    0.0625    0.0508    0.0324         0         0         0         0    1.0000    1.0000
    0.0625    0.0469    0.0318         0         0         0         0    1.0000    1.0000
    0.0742    0.0508    0.0300         0         0         0         0    1.0000    1.0000
    0.0625    0.0430    0.0301         0    0.6614         0         0    1.0000    1.0000
    0.0742    0.0469    0.0322         0    0.6614         0   90.0000    1.0000    1.0000
    0.0508    0.0508    0.0328         0         0         0         0    1.0000    1.0000
    0.0625    0.0469    0.0312         0         0         0         0    1.0000    1.0000
    0.0703    0.0586    0.0313         0         0         0         0    1.0000    1.0000
    0.0625    0.0430    0.0305         0    0.6614         0         0    1.0000    1.0000
    0.0703    0.0430    0.0300         0    0.6614         0   90.0000    1.0000    1.0000
    0.0664    0.0508    0.0308         0         0         0         0    1.0000    1.0000
    0.0781    0.0469    0.0313         0    0.6614         0         0    1.0000    1.0000
    0.0586    0.0469    0.0325    0.6521    0.6521  -45.0000  -45.0000    1.0000    1.0000
    0.0781    0.0508    0.0317         0         0         0         0    1.0000    1.0000
    0.0703    0.0469    0.0306         0    0.6521         0  -45.0000    1.0000    1.0000
    0.0625    0.0469    0.0330         0    0.6614         0         0    1.0000    1.0000
    0.0664    0.0508    0.0316         0         0         0         0    1.0000    1.0000
    0.0703    0.0469    0.0301         0         0         0         0    1.0000    1.0000
    0.0586    0.0469    0.0329    0.6614    0.6614         0         0    1.0000    1.0000
    0.0742    0.0469    0.0320         0    0.6614         0         0    1.0000    1.0000
    0.0625    0.0469    0.0313         0         0         0         0    1.0000    1.0000
    0.0664    0.0469    0.0317         0         0         0         0    1.0000    1.0000
    0.0547    0.0508    0.0322         0    0.7454         0   90.0000    1.0000    1.0000
    0.0664    0.0469    0.0317         0         0         0         0    1.0000    1.0000
    0.0586    0.0469    0.0328         0    0.8000         0         0    1.0000    1.0000
    0.0703    0.0469    0.0313         0    0.6190         0  -12.8205    1.0000    1.0000
    0.0781    0.0430    0.0334         0    0.8034         0  -11.0489    1.0000    0.9545
    0.0703    0.0508    0.0319    0.8660    0.9472         0   -2.0297    1.0000    0.9231
    0.0938    0.0508    0.0318         0    0.8660         0         0    1.0000    1.0000
    0.0664    0.0469    0.0331         0         0         0         0    1.0000    1.0000
    0.0664    0.0469    0.0324         0    0.6614         0   90.0000    1.0000    1.0000
    0.0742    0.0508    0.0307    0.6521    0.4753  -45.0000  -45.0000    1.0000    1.0000
    0.0898    0.0547    0.0338         0         0         0         0    1.0000    1.0000
    0.0781    0.0508    0.0326         0    0.9428         0         0    1.0000    1.0000
    0.0977    0.0742    0.0322         0    0.6614         0   90.0000    1.0000    1.0000
    0.0625    0.0508    0.0330         0         0         0         0    1.0000    1.0000
    0.1016    0.0586    0.0320         0         0         0         0    1.0000    1.0000
    0.0820    0.0508    0.0325         0    0.9270         0         0    1.0000    1.0000
    0.0859    0.0625    0.0312         0    0.6614         0   90.0000    1.0000    1.0000
    0.0820    0.0742    0.0323         0         0         0         0    1.0000    1.0000
    0.1016    0.0586    0.0328         0         0         0         0    1.0000    1.0000
    0.0898    0.0859    0.0330         0         0         0         0    1.0000    1.0000
    0.0938    0.0742    0.0330         0         0         0         0    1.0000    1.0000
    0.0781    0.0664    0.0318         0         0         0         0    1.0000    1.0000
    0.0859    0.0625    0.0330         0    0.6614         0   90.0000    1.0000    1.0000
    0.1094    0.0547    0.0318         0    0.8660         0         0    1.0000    1.0000
    0.0547    0.0430    0.0324         0    0.8069         0   32.7943    1.0000    0.9024
    0.0859    0.0547    0.0330         0    0.4753         0   45.0000    1.0000    1.0000
    0.0859    0.0508    0.0315         0    0.8660         0         0    1.0000    1.0000
    0.0977    0.0625    0.0320         0    0.6614         0   90.0000    1.0000    1.0000
    0.0742    0.0664    0.0323         0         0         0         0    1.0000    1.0000
    0.0820    0.0547    0.0319         0    0.8034         0   11.0489    1.0000    0.9545
    0.0938    0.0547    0.0331         0    0.9263         0   -5.1723    1.0000    0.9091
    0.0898    0.0547    0.0335         0    0.9682         0         0    1.0000    1.0000
    0.0859    0.0781    0.0323         0         0         0         0    1.0000    1.0000
    0.0898    0.0781    0.0322         0    0.6614         0   90.0000    1.0000    1.0000
    0.0977    0.0625    0.0330         0    0.9428         0         0    1.0000    1.0000
    0.0664    0.0469    0.0310         0    0.8905         0    4.2393    1.0000    0.9310
    0.0703    0.0703    0.0331         0         0         0         0    1.0000    1.0000
    0.0820    0.0625    0.0332    0.8660    0.9534         0    3.6550    1.0000    0.9000
    0.0898    0.0820    0.0315         0         0         0         0    1.0000    1.0000
    0.0938    0.0508    0.0324         0    0.8660         0   -8.1301    1.0000    0.9231
    0.0859    0.0820    0.0327         0         0         0         0    1.0000    1.0000
    0.0938    0.0508    0.0321         0    0.9035         0         0    1.0000    1.0000
    0.0898    0.0664    0.0316         0    0.8034         0  -11.0489    1.0000    0.9545
    0.0938    0.0742    0.0327         0    0.6614         0   90.0000    1.0000    1.0000
    0.0898    0.0859    0.0326         0         0         0         0    1.0000    1.0000
    0.0898    0.0508    0.0322         0    0.9421         0   -1.9958    1.0000    0.9487
    0.0547    0.0508    0.0313         0    0.8000         0         0    1.0000    1.0000
    0.0859    0.0820    0.0318         0         0         0         0    1.0000    1.0000
    0.0820    0.0820    0.0313         0         0         0         0    1.0000    1.0000
    0.1133    0.0859    0.0337         0         0         0         0    1.0000    1.0000
    0.1055    0.0781    0.0323         0    0.8660         0         0    1.0000    1.0000
    0.0859    0.0703    0.0318         0    0.9181         0    4.3903    1.0000    0.8824
    0.0859    0.0703    0.0330         0    0.9501         0    1.2308    1.0000    0.8718
    0.0859    0.0781    0.0319    0.6614         0         0         0    1.0000    1.0000
    0.0898    0.0742    0.0318         0    0.8034         0   11.0489    1.0000    0.9545
    0.0977    0.0898    0.0328         0         0         0         0    1.0000    1.0000
    0.0781    0.0586    0.0334    0.6614    0.8926   90.0000    1.9705    1.0000    0.8919
    0.0742    0.0508    0.0331         0    0.8660         0         0    1.0000    1.0000
    0.1016    0.0820    0.0325         0         0         0         0    1.0000    1.0000
    0.1133    0.1016    0.0321         0         0         0         0    1.0000    1.0000
    0.0938    0.0820    0.0327         0         0         0         0    1.0000    1.0000
    0.0820    0.0508    0.0331    0.8660    0.9447         0         0    1.0000    0.9231
    0.1133    0.0820    0.0317         0         0         0         0    1.0000    1.0000
    0.1094    0.0781    0.0324         0         0         0         0    1.0000    1.0000
    0.0898    0.0781    0.0317         0    0.6614         0         0    1.0000    1.0000
    0.1133    0.1016    0.0319         0         0         0         0    1.0000    1.0000
    0.0938    0.0820    0.0325         0         0         0         0    1.0000    1.0000
    0.0938    0.0781    0.0320         0    0.8034         0  -11.0489    1.0000    0.9545
    0.0586    0.0586    0.0321    0.7833    0.9062   47.5528   14.7450    0.9500    0.8611
    0.0977    0.0898    0.0324         0         0         0         0    1.0000    1.0000
    0.1055    0.0703    0.0320         0    0.8660         0   -8.1301    1.0000    0.9231
    0.0859    0.0820    0.0315         0         0         0         0    1.0000    1.0000
    0.0859    0.0781    0.0327         0         0         0         0    1.0000    1.0000
    0.1055    0.0977    0.0327         0         0         0         0    1.0000    1.0000
    0.1016    0.0820    0.0323         0         0         0         0    1.0000    1.0000
    0.1055    0.0703    0.0317         0    0.4753         0  -45.0000    1.0000    1.0000
    0.0898    0.0859    0.0332         0         0         0         0    1.0000    1.0000
    0.1094    0.0781    0.0324         0    0.8034         0  -11.0489    1.0000    0.9545
    0.1055    0.0977    0.0324         0         0         0         0    1.0000    1.0000
    0.0742    0.0547    0.0340         0         0         0         0    1.0000    1.0000
    0.1094    0.0820    0.0323         0         0         0         0    1.0000    1.0000
    0.0977    0.0742    0.0325         0         0         0         0    1.0000    1.0000
    0.0977    0.0898    0.0314         0         0         0         0    1.0000    1.0000
    0.0938    0.0781    0.0326    0.4753         0  -45.0000         0    1.0000    1.0000
    0.0977    0.0977    0.0321         0         0         0         0    1.0000    1.0000
    0.1055    0.0781    0.0315         0    0.4753         0  -45.0000    1.0000    1.0000
    0.0898    0.0859    0.0320         0    0.6614         0   90.0000    1.0000    1.0000
    0.1055    0.0703    0.0330         0         0         0         0    1.0000    1.0000
    0.1016    0.0742    0.0317         0    0.8660         0         0    1.0000    1.0000
    0.1211    0.0781    0.0322         0    0.6614         0   90.0000    1.0000    1.0000
    0.0703    0.0469    0.0314         0         0         0         0    1.0000    1.0000
    0.1094    0.0781    0.0321         0         0         0         0    1.0000    1.0000
    0.0938    0.0781    0.0315         0    0.8034         0  -11.0489    1.0000    0.9545
    0.0977    0.0781    0.0318         0    0.6614         0         0    1.0000    1.0000
    0.1094    0.0703    0.0315         0    0.6614         0   90.0000    1.0000    1.0000
    0.1016    0.0820    0.0323         0    0.6614         0         0    1.0000    1.0000
    0.1211    0.0938    0.0326         0    0.6521         0  -45.0000    1.0000    1.0000
    0.1055    0.0820    0.0321         0    0.8579         0  -11.8862    1.0000    0.9600
    0.1055    0.0859    0.0325         0    0.4753         0   45.0000    1.0000    1.0000
    0.1094    0.0859    0.0328         0    0.6614         0   90.0000    1.0000    1.0000
    0.1172    0.0898    0.0328         0    0.6614         0   90.0000    1.0000    1.0000
    0.0547    0.0508    0.0321         0         0         0         0    1.0000    1.0000
    0.0977    0.0859    0.0320         0    0.6614         0   90.0000    1.0000    1.0000
    0.1094    0.0781    0.0315         0    0.7720         0  -10.0735    1.0000    0.9565
    0.1211    0.0508    0.0315         0    0.9193         0    0.4438    1.0000    0.8696
    0.1172    0.0547    0.0319         0    0.6614         0   90.0000    1.0000    1.0000
    0.1133    0.0820    0.0319         0    0.6521         0   45.0000    1.0000    1.0000
    0.0977    0.0938    0.0322         0         0         0         0    1.0000    1.0000
    0.1172    0.0703    0.0320         0    0.6146         0  -10.7300    1.0000    0.9259
    0.1211    0.0586    0.0321         0    0.8367         0   -3.3067    1.0000    0.8857
    0.1133    0.0820    0.0326         0    0.6614         0   90.0000    1.0000    1.0000
    0.1133    0.0898    0.0316         0    0.6614         0   90.0000    1.0000    1.0000
    0.0547    0.0508    0.0337         0         0         0         0    1.0000    1.0000
    0.0586    0.0547    0.0343         0         0         0         0    1.0000    1.0000
    0.1172    0.0820    0.0323         0         0         0         0    1.0000    1.0000
    0.1133    0.0859    0.0326         0    0.8448         0   -4.6496    1.0000    0.9600
    0.1328    0.0820    0.0326         0         0         0         0    1.0000    1.0000
    0.1016    0.0938    0.0320         0    0.6190         0   77.1795    1.0000    1.0000
    0.1055    0.0859    0.0317         0         0         0         0    1.0000    1.0000
    0.1055    0.0898    0.0320         0    0.5985         0   90.0000    1.0000    1.0000
    0.1211    0.0781    0.0314         0    0.6848         0  -72.7039    1.0000    1.0000
    0.1289    0.1094    0.0322         0         0         0         0    1.0000    1.0000
    0.1133    0.0859    0.0329         0    0.4753         0  -45.0000    1.0000    1.0000
    0.1133    0.0781    0.0319         0         0         0         0    1.0000    1.0000
    0.0625    0.0547    0.0335         0         0         0         0    1.0000    1.0000
    0.1016    0.0781    0.0323    0.6614         0         0         0    1.0000    1.0000
    0.1367    0.0742    0.0319         0         0         0         0    1.0000    1.0000
    0.1172    0.0859    0.0317         0         0         0         0    1.0000    1.0000
    0.1328    0.0820    0.0317         0    0.7632         0   -4.4479    1.0000    0.9545
    0.1133    0.0820    0.0327    0.7988    0.7988   63.9375   63.9375    0.9412    0.9412
    0.1289    0.0820    0.0318         0    0.4753         0   45.0000    1.0000    1.0000
    0.1055    0.1055    0.0318    0.6521    0.4753  -45.0000  -45.0000    1.0000    1.0000
    0.1250    0.0898    0.0324         0         0         0         0    1.0000    1.0000
    0.1133    0.0938    0.0321         0    0.8000         0   90.0000    1.0000    1.0000
    0.1406    0.0859    0.0317         0    0.6614         0   90.0000    1.0000    1.0000
    0.0586    0.0469    0.0316         0    0.8660         0         0    1.0000    1.0000
    0.1250    0.0859    0.0322         0    0.8000         0   90.0000    1.0000    1.0000
    0.1172    0.0586    0.0318         0    0.9090         0         0    1.0000    0.8636
    0.1133    0.0781    0.0316         0    0.5852         0         0    1.0000    0.9286
    0.1328    0.0898    0.0318         0    0.4753         0  -45.0000    1.0000    1.0000
    0.1367    0.0938    0.0326         0    0.6614         0   90.0000    1.0000    1.0000
    0.1289    0.0664    0.0319         0    0.8725         0    2.7415    1.0000    0.8974
    0.1250    0.1016    0.0320         0    0.7441         0   65.0983    1.0000    0.9444
    0.1367    0.1016    0.0323         0    0.6614         0   90.0000    1.0000    1.0000
    0.1289    0.0938    0.0335         0    0.6614         0   90.0000    1.0000    1.0000
    0.1445    0.1211    0.0326         0         0         0         0    1.0000    1.0000
    0.0625    0.0547    0.0316         0         0         0         0    1.0000    1.0000
    0.1172    0.1055    0.0327         0    0.6190         0   77.1795    1.0000    1.0000
    0.1250    0.0938    0.0325    0.6614    0.6789   90.0000  -23.1094    1.0000    1.0000
    0.1367    0.0820    0.0321         0    0.7720         0  -10.0735    1.0000    0.9565
    0.1250    0.1094    0.0322    0.6521    0.5985   45.0000   90.0000    1.0000    1.0000
    0.1172    0.1016    0.0308         0    0.6848         0   72.7039    1.0000    1.0000
    0.1289    0.1094    0.0326         0    0.8000         0   90.0000    1.0000    1.0000
    0.1250    0.1250    0.0323         0         0         0         0    1.0000    1.0000
    0.1445    0.0859    0.0322         0    0.6680         0         0    1.0000    0.9231
    0.1211    0.1133    0.0319    0.7988    0.7441   63.9375   65.0983    0.9412    0.9444
    0.1211    0.0820    0.0319    0.7988    0.8478   63.9375    3.2368    0.9412    0.9231
    0.0586    0.0469    0.0335         0         0         0         0    1.0000    1.0000
    0.1641    0.0977    0.0330         0         0         0         0    1.0000    1.0000
    0.1328    0.0938    0.0327    0.6614    0.4753   90.0000   45.0000    1.0000    1.0000
    0.1250    0.1211    0.0326         0    0.6614         0   90.0000    1.0000    1.0000
    0.1328    0.1055    0.0325         0         0         0         0    1.0000    1.0000
    0.1641    0.0898    0.0322         0         0         0         0    1.0000    1.0000
    0.1289    0.1016    0.0322         0    0.8846         0   -9.0366    1.0000    0.9655
    0.1328    0.0859    0.0327         0    0.9590         0   -3.6216    1.0000    0.9091
    0.1367    0.1133    0.0320         0    0.6521         0   45.0000    1.0000    1.0000
    0.1602    0.1055    0.0326         0    0.4753         0   45.0000    1.0000    1.0000
    0.1328    0.1172    0.0325         0         0         0         0    1.0000    1.0000
    0.0547    0.0547    0.0325         0    0.6614         0   90.0000    1.0000    1.0000
    0.1406    0.1133    0.0323    0.6614    0.4753         0  -45.0000    1.0000    1.0000
    0.1328    0.1016    0.0325         0    0.8258         0  -10.5496    1.0000    0.8824
    0.1406    0.1094    0.0317         0    0.6848         0   72.7039    1.0000    1.0000
    0.1367    0.1055    0.0320         0    0.6000         0   90.0000    1.0000    1.0000
    0.1562    0.0898    0.0321         0    0.9271         0  -12.3876    1.0000    0.8889
    0.1406    0.1094    0.0325    0.6521    0.8370   45.0000    1.5090    1.0000    0.8857
    0.1406    0.0977    0.0322    0.8000    0.8686   90.0000    4.2790    1.0000    0.8947
    0.1523    0.1211    0.0325         0    0.4753         0   45.0000    1.0000    1.0000
    0.1484    0.1484    0.0321         0         0         0         0    1.0000    1.0000
    0.1719    0.1055    0.0317         0    0.4753         0   45.0000    1.0000    1.0000
    0.0781    0.0508    0.0336         0         0         0         0    1.0000    1.0000
    0.1445    0.1367    0.0323         0    0.6614         0         0    1.0000    1.0000
    0.1445    0.1055    0.0326         0    0.6190         0   77.1795    1.0000    1.0000
    0.1406    0.1211    0.0320         0    0.4753         0   45.0000    1.0000    1.0000
    0.1562    0.1289    0.0322         0    0.8000         0   90.0000    1.0000    1.0000
    0.1406    0.1367    0.0330    0.8771         0   71.5651         0    0.9000    1.0000
    0.1484    0.1367    0.0317         0         0         0         0    1.0000    1.0000
    0.1523    0.1367    0.0313         0    0.8000         0         0    1.0000    1.0000
    0.1328    0.1172    0.0314         0    0.8829         0   -2.3655    1.0000    0.8947
    0.1602    0.1250    0.0324    0.6614    0.4753   90.0000   45.0000    1.0000    1.0000
    0.1641    0.1328    0.0321         0    0.9257         0  -11.6613    1.0000    0.8889
    0.0547    0.0547    0.0332         0         0         0         0    1.0000    1.0000
    0.1445    0.1328    0.0319    0.8660    0.5644   90.0000  -72.4440    1.0000    0.9600
    0.1484    0.1289    0.0324         0    0.9257         0  -11.6613    1.0000    0.8889
    0.1484    0.1406    0.0322         0    0.6614         0         0    1.0000    1.0000
    0.1562    0.1445    0.0316         0         0         0         0    1.0000    1.0000
    0.1602    0.1328    0.0317         0    0.8000         0   90.0000    1.0000    1.0000
    0.1641    0.1211    0.0319         0    0.6196         0  -20.8964    1.0000    0.9615
    0.1523    0.1289    0.0325         0    0.4753         0   45.0000    1.0000    1.0000
    0.1602    0.1211    0.0322         0    0.8367         0  -12.0728    1.0000    0.8857
    0.1719    0.1289    0.0321         0         0         0         0    1.0000    1.0000
    0.1875    0.1250    0.0325         0         0         0         0    1.0000    1.0000
    0.0625    0.0469    0.0325         0    0.8000         0         0    1.0000    1.0000
    0.1406    0.1406    0.0327         0         0         0         0    1.0000    1.0000
    0.1719    0.1328    0.0324         0    0.6614         0   90.0000    1.0000    1.0000
    0.1641    0.1602    0.0321         0         0         0         0    1.0000    1.0000
    0.1641    0.1406    0.0319         0    0.6848         0  -72.7039    1.0000    1.0000
    0.1641    0.1250    0.0322         0    0.7380         0   26.7356    1.0000    0.9231
    0.1484    0.1367    0.0314         0    0.6614         0         0    1.0000    1.0000
    0.1797    0.1445    0.0320         0    0.8000         0         0    1.0000    1.0000
    0.1758    0.1602    0.0320         0    0.8535         0  -45.0000    1.0000    0.8947
    0.1641    0.1523    0.0323         0    0.6614         0         0    1.0000    1.0000
    0.1641    0.1523    0.0314         0    0.9340         0  -19.0235    1.0000    0.7941
    0.0664    0.0625    0.0335         0         0         0         0    1.0000    1.0000
    0.1875    0.1523    0.0318         0         0         0         0    1.0000    1.0000
    0.1797    0.1484    0.0326         0    0.9133         0  -27.7650    1.0000    0.7778
    0.1953    0.1562    0.0326         0         0         0         0    1.0000    1.0000
    0.1758    0.1328    0.0320         0    0.6848         0  -72.7039    1.0000    0.9474
    0.1680    0.1562    0.0320    0.6614    0.8000   90.0000   90.0000    1.0000    1.0000
    0.1641    0.1406    0.0322         0    0.6614         0   90.0000    1.0000    1.0000
    0.1836    0.1641    0.0324         0         0         0         0    1.0000    1.0000
    0.1797    0.1602    0.0320    0.6614    0.8660         0         0    1.0000    1.0000
    0.1641    0.1523    0.0319         0    0.8660         0         0    1.0000    1.0000
    0.1797    0.1641    0.0325         0         0         0         0    1.0000    1.0000
    0.0586    0.0469    0.0312         0         0         0         0    1.0000    1.0000
    0.0664    0.0547    0.0334    0.8660    0.8660         0         0    1.0000    1.0000
    0.1914    0.1406    0.0327         0    0.8992         0  -11.2371    1.0000    0.8684
    0.1797    0.1602    0.0322         0    0.7988         0   63.9375    1.0000    0.9412
    0.1719    0.1406    0.0323         0    0.9340         0  -19.0235    1.0000    0.7941
    0.1641    0.1602    0.0322         0    0.8000         0   90.0000    1.0000    1.0000
    0.1836    0.1797    0.0317         0         0         0         0    1.0000    1.0000
    0.1719    0.1719    0.0320         0         0         0         0    1.0000    1.0000
    0.1992    0.1797    0.0329         0    0.6614         0         0    1.0000    1.0000
    0.1797    0.1719    0.0327         0         0         0         0    1.0000    1.0000
    0.1758    0.1719    0.0325         0         0         0         0    1.0000    1.0000
    0.1914    0.1914    0.0322         0         0         0         0    1.0000    1.0000
    0.0703    0.0508    0.0320         0    0.9270         0         0    1.0000    1.0000
    0.2070    0.1758    0.0325         0    0.8660         0         0    1.0000    1.0000
    0.1953    0.1758    0.0325         0         0         0         0    1.0000    1.0000
    0.2109    0.1797    0.0326         0    0.8000         0         0    1.0000    1.0000
    0.2266    0.1680    0.0328         0    0.9035         0         0    1.0000    1.0000
    0.1953    0.1875    0.0320         0         0         0         0    1.0000    1.0000
    0.1953    0.1719    0.0322    0.6614    0.8000         0         0    1.0000    1.0000
    0.1992    0.1797    0.0325    0.8000    0.8000         0         0    1.0000    1.0000
    0.2070    0.1914    0.0321         0         0         0         0    1.0000    1.0000
    0.2344    0.1836    0.0324         0         0         0         0    1.0000    1.0000
    0.2461    0.1875    0.0322         0    0.6614         0         0    1.0000    1.0000
    0.0586    0.0469    0.0326         0    0.8531         0  -18.4349    1.0000    0.9048
    0.2188    0.1992    0.0323         0    0.8000         0         0    1.0000    1.0000
    0.2070    0.1992    0.0321         0         0         0         0    1.0000    1.0000
    0.2539    0.2148    0.0324         0         0         0         0    1.0000    1.0000
    0.2109    0.2031    0.0321         0         0         0         0    1.0000    1.0000
    0.2461    0.2031    0.0324         0         0         0         0    1.0000    1.0000
    0.2578    0.2031    0.0321         0         0         0         0    1.0000    1.0000
    0.2266    0.2148    0.0324         0    0.6614         0         0    1.0000    1.0000
    0.2344    0.2188    0.0319         0         0         0         0    1.0000    1.0000
    0.2617    0.2305    0.0321         0    0.8000         0         0    1.0000    1.0000
    0.2305    0.2266    0.0328         0         0         0         0    1.0000    1.0000
    0.0781    0.0508    0.0326         0         0         0         0    1.0000    1.0000
    0.2344    0.1914    0.0322         0    0.8000         0         0    1.0000    1.0000
    0.2500    0.2266    0.0325    0.8000    0.8000         0         0    1.0000    1.0000
    0.2148    0.2031    0.0324    0.6614    0.8660         0         0    1.0000    1.0000
    0.2422    0.2305    0.0327         0         0         0         0    1.0000    1.0000
    0.2578    0.2422    0.0326         0         0         0         0    1.0000    1.0000
    0.2656    0.2422    0.0324         0    0.6614         0         0    1.0000    1.0000
    0.2773    0.2383    0.0326         0    0.6614         0         0    1.0000    1.0000
    0.2578    0.2344    0.0325         0    0.9270         0         0    1.0000    1.0000
    0.2500    0.2070    0.0329         0    0.6614         0         0    1.0000    1.0000
    0.2734    0.2266    0.0321         0    0.8660         0         0    1.0000    1.0000
    0.0547    0.0508    0.0327         0         0         0         0    1.0000    1.0000
    0.2734    0.2227    0.0327         0    0.9270         0         0    1.0000    1.0000
    0.2852    0.2305    0.0326    0.6614    0.9270         0         0    1.0000    1.0000
    0.2539    0.2266    0.0324         0    0.6614         0         0    1.0000    1.0000
    0.2930    0.2812    0.0323         0         0         0         0    1.0000    1.0000
    0.2656    0.2227    0.0323         0    0.8000         0         0    1.0000    1.0000
    0.2422    0.2344    0.0326         0    0.8000         0         0    1.0000    1.0000
    0.3086    0.3008    0.0327         0         0         0         0    1.0000    1.0000
    0.3047    0.2734    0.0328    0.8000    0.9035         0         0    1.0000    1.0000
    0.3359    0.3164    0.0328         0         0         0         0    1.0000    1.0000
    0.3672    0.3008    0.0324         0         0         0         0    1.0000    1.0000
    0.0664    0.0547    0.0318         0         0         0         0    1.0000    1.0000
    0.2852    0.2539    0.0327         0    0.6614         0         0    1.0000    1.0000
    0.2695    0.2656    0.0329         0         0         0         0    1.0000    1.0000
    0.3281    0.2812    0.0322    0.8660    0.9428         0         0    1.0000    1.0000
    0.3086    0.2812    0.0329         0    0.6614         0         0    1.0000    1.0000
    0.2891    0.2500    0.0326         0    0.8000         0         0    1.0000    1.0000
    0.3477    0.3008    0.0330         0    0.9428         0         0    1.0000    1.0000
    0.3203    0.3086    0.0330         0         0         0         0    1.0000    1.0000
    0.3125    0.2734    0.0329         0    0.8000         0         0    1.0000    1.0000
    0.3398    0.2656    0.0330    0.8000    0.9270         0         0    1.0000    1.0000
    0.3281    0.3047    0.0325         0    0.8000         0         0    1.0000    1.0000
    0.0781    0.0586    0.0337         0         0         0         0    1.0000    1.0000
    0.3281    0.3125    0.0330         0    0.6614         0         0    1.0000    1.0000
    0.3398    0.2852    0.0329         0         0         0         0    1.0000    1.0000
    0.3359    0.3203    0.0327         0    0.8000         0         0    1.0000    1.0000
    0.3750    0.3672    0.0329         0         0         0         0    1.0000    1.0000
    0.3398    0.3242    0.0327    0.8000    0.8000         0         0    1.0000    1.0000
    0.3477    0.3047    0.0325         0         0         0         0    1.0000    1.0000
    0.3086    0.2891    0.0324         0         0         0         0    1.0000    1.0000
    0.3242    0.3164    0.0328         0         0         0         0    1.0000    1.0000
    0.3594    0.3359    0.0328         0    0.8660         0         0    1.0000    1.0000
    0.3516    0.3320    0.0325         0    0.8660         0         0    1.0000    1.0000
    0.0820    0.0547    0.0341         0         0         0         0    1.0000    1.0000
    0.3711    0.3320    0.0324         0         0         0         0    1.0000    1.0000
    0.3008    0.2852    0.0329         0    0.6614         0         0    1.0000    1.0000
    0.3203    0.3125    0.0330         0         0         0         0    1.0000    1.0000
    0.3164    0.3086    0.0322         0         0         0         0    1.0000    1.0000
    0.3789    0.3398    0.0325         0    0.8000         0         0    1.0000    1.0000
    0.3906    0.3125    0.0324         0    0.6614         0         0    1.0000    1.0000
    0.4062    0.3789    0.0326         0    0.8000         0         0    1.0000    1.0000
    0.4023    0.3711    0.0330    0.6614    0.8000         0         0    1.0000    1.0000
    0.4102    0.3984    0.0329         0         0         0         0    1.0000    1.0000
    0.3945    0.3516    0.0327         0    0.6614         0         0    1.0000    1.0000
    0.0586    0.0508    0.0335         0         0         0         0    1.0000    1.0000
    0.3867    0.3828    0.0327         0         0         0         0    1.0000    1.0000
    0.3945    0.3281    0.0323         0    0.8000         0         0    1.0000    1.0000
    0.4062    0.3867    0.0328         0         0         0         0    1.0000    1.0000
    0.4414    0.3594    0.0330         0    0.8660         0         0    1.0000    1.0000
    0.4648    0.3672    0.0326         0    0.9539         0         0    1.0000    1.0000
    0.4531    0.3984    0.0329         0    0.8660         0         0    1.0000    1.0000
    0.4102    0.3867    0.0329    0.6614    0.8000         0         0    1.0000    1.0000
    0.4258    0.4102    0.0328    0.8660    0.8660         0         0    1.0000    1.0000
    0.4492    0.4375    0.0327         0         0         0         0    1.0000    1.0000
    0.4805    0.4609    0.0328         0         0         0         0    1.0000    1.0000
    0.0664    0.0625    0.0330         0         0         0         0    1.0000    1.0000
    0.4492    0.4297    0.0325         0    0.8660         0         0    1.0000    1.0000
    0.4648    0.4375    0.0327         0         0         0         0    1.0000    1.0000
    0.4805    0.3984    0.0329         0    0.9035         0         0    1.0000    1.0000
    0.4883    0.4766    0.0327         0         0         0         0    1.0000    1.0000
    0.5703    0.4922    0.0331         0    0.8000         0         0    1.0000    1.0000
    0.5352    0.4883    0.0328         0    0.9539         0         0    1.0000    1.0000
    0.6641    0.5039    0.0329         0         0         0         0    1.0000    1.0000
    0.5391    0.5117    0.0329         0    0.8660         0         0    1.0000    1.0000
    0.5820    0.4844    0.0329         0    0.9035         0         0    1.0000    1.0000
    0.5703    0.4688    0.0329    0.6614    0.9621         0         0    1.0000    1.0000
    0.0508    0.0469    0.0336    0.8660    0.7965         0  -13.9395    1.0000    0.9333
    0.0742    0.0547    0.0327         0         0         0         0    1.0000    1.0000
    0.5938    0.5273    0.0329    0.6614    0.9428         0         0    1.0000    1.0000
    0.4883    0.4883    0.0330         0         0         0         0    1.0000    1.0000
    0.6094    0.5742    0.0331         0    0.6614         0         0    1.0000    1.0000
    0.5703    0.5547    0.0331         0         0         0         0    1.0000    1.0000
    0.5586    0.5352    0.0331         0    0.6614         0         0    1.0000    1.0000
    0.5898    0.5312    0.0329    0.6614    0.8000         0         0    1.0000    1.0000
    0.6406    0.6367    0.0335         0         0         0         0    1.0000    1.0000
    0.6289    0.6172    0.0332         0         0         0         0    1.0000    1.0000
    0.6484    0.5977    0.0335         0    0.8000         0         0    1.0000    1.0000
    0.6562    0.6172    0.0333         0    0.6521         0  -45.0000    1.0000    1.0000
    0.0586    0.0469    0.0320    0.6521    0.6848  -45.0000  -17.2961    1.0000    1.0000
    0.6562    0.6289    0.0336         0         0         0         0    1.0000    1.0000
    0.6367    0.6250    0.0334         0         0         0         0    1.0000    1.0000
    0.6562    0.6289    0.0336         0    0.6614         0         0    1.0000    1.0000
    0.7812    0.6758    0.0331    0.6614    0.6614         0         0    1.0000    1.0000
    0.0586    0.0547    0.0326         0    0.7988         0   26.0625    1.0000    0.9412
    0.0703    0.0469    0.0329         0    0.9286         0    6.5409    1.0000    0.9189
    0.0625    0.0586    0.0320    0.8000    0.8000         0         0    1.0000    1.0000
    0.0664    0.0469    0.0328         0    0.7988         0  -26.0625    1.0000    0.9412
    0.0586    0.0508    0.0316         0         0         0         0    1.0000    1.0000
    0.0664    0.0547    0.0345         0         0         0         0    1.0000    1.0000
    0.0664    0.0586    0.0325         0         0         0         0    1.0000    1.0000
    0.0781    0.0508    0.0327         0         0         0         0    1.0000    1.0000
    0.0547    0.0469    0.0320         0    0.7454         0         0    1.0000    1.0000
    0.0703    0.0547    0.0314         0    0.8660         0         0    1.0000    1.0000
    0.0703    0.0508    0.0323         0    0.8660         0         0    1.0000    1.0000
    0.0625    0.0547    0.0314         0         0         0         0    1.0000    1.0000
    0.0781    0.0547    0.0317         0         0         0         0    1.0000    1.0000
    0.0664    0.0547    0.0327         0    0.6848         0   17.2961    1.0000    1.0000
    0.0820    0.0703    0.0322         0         0         0         0    1.0000    1.0000
    0.0742    0.0547    0.0330         0    0.8660         0         0    1.0000    1.0000
    0.0742    0.0469    0.0316         0    0.9035         0         0    1.0000    1.0000
    0.0664    0.0508    0.0328         0    0.8000         0         0    1.0000    1.0000
    0.0820    0.0703    0.0313         0         0         0         0    1.0000    1.0000
    0.0508    0.0508    0.0316         0    0.8084         0  -89.8342    1.0000    0.8409
    0.0664    0.0625    0.0318         0    0.8660         0         0    1.0000    1.0000
    0.0703    0.0625    0.0339         0         0         0         0    1.0000    1.0000
    0.0703    0.0625    0.0330         0    0.8660         0         0    1.0000    1.0000
    0.0664    0.0586    0.0318         0    0.6614         0   90.0000    1.0000    1.0000
    0.0664    0.0508    0.0327         0    0.9270         0         0    1.0000    1.0000
    0.0859    0.0586    0.0320         0    0.9035         0         0    1.0000    1.0000
    0.0703    0.0625    0.0322         0         0         0         0    1.0000    1.0000
    0.0781    0.0469    0.0316         0    0.9133         0    6.4773    1.0000    0.9091
    0.0898    0.0508    0.0318         0    0.6614         0         0    1.0000    1.0000
    0.0820    0.0508    0.0318         0         0         0         0    1.0000    1.0000
    0.0703    0.0508    0.0331         0    0.8000         0         0    1.0000    1.0000
    0.0664    0.0469    0.0321         0    0.9035         0         0    1.0000    1.0000
    0.0742    0.0547    0.0342         0         0         0         0    1.0000    1.0000
    0.0703    0.0547    0.0318         0    0.9035         0         0    1.0000    1.0000
    0.0781    0.0469    0.0331         0    0.8660         0         0    1.0000    1.0000
    0.0703    0.0547    0.0333         0    0.9270         0         0    1.0000    1.0000
    0.0625    0.0547    0.0326         0         0         0         0    1.0000    1.0000
    0.0703    0.0469    0.0325         0    0.9428         0         0    1.0000    1.0000
    0.0781    0.0508    0.0318         0         0         0         0    1.0000    1.0000
    0.0625    0.0469    0.0336         0    0.8535         0   45.0000    1.0000    0.8947
    0.0703    0.0508    0.0320         0    0.8771         0  -18.4349    1.0000    0.9000
    0.0586    0.0508    0.0325    0.8000    0.6848         0   17.2961    1.0000    1.0000
    0.0664    0.0469    0.0332    0.6614    0.4753   90.0000  -45.0000    1.0000    1.0000
    0.0742    0.0547    0.0332         0         0         0         0    1.0000    1.0000
    0.0781    0.0547    0.0329         0    0.6614         0   90.0000    1.0000    1.0000
    0.0859    0.0625    0.0325         0         0         0         0    1.0000    1.0000
    0.0820    0.0547    0.0320         0         0         0         0    1.0000    1.0000
    0.0703    0.0469    0.0324         0    0.8660         0         0    1.0000    1.0000
    0.0820    0.0547    0.0328         0    0.8660         0         0    1.0000    1.0000
    0.0625    0.0508    0.0329    0.4753    0.8448  -45.0000    4.6496    1.0000    0.9600
    0.0859    0.0625    0.0312         0         0         0         0    1.0000    1.0000
    0.0820    0.0703    0.0341         0         0         0         0    1.0000    1.0000
    0.0430    0.0430    0.0317    0.8388         0  -31.4694         0    0.9565    1.0000
    0.0859    0.0547    0.0319         0         0         0         0    1.0000    1.0000
    0.0820    0.0508    0.0335         0         0         0         0    1.0000    1.0000
    0.0781    0.0625    0.0337    0.6614    0.6614   90.0000   90.0000    1.0000    1.0000
    0.0820    0.0508    0.0332         0    0.4753         0  -45.0000    1.0000    1.0000
    0.0859    0.0508    0.0319         0    0.6614         0         0    1.0000    1.0000
    0.0742    0.0547    0.0331         0    0.6614         0   90.0000    1.0000    1.0000
    0.0820    0.0469    0.0325    0.6614    0.6614   90.0000   90.0000    1.0000    1.0000
    0.0781    0.0586    0.0338         0    0.6614         0   90.0000    1.0000    1.0000
    0.0938    0.0547    0.0321         0    0.6614         0   90.0000    1.0000    1.0000
    0.0859    0.0547    0.0322         0         0         0         0    1.0000    1.0000
