The results from 1019 truth_images from the July_8_cam1 02 and 03 sets. This was detected from imagenet-vgg-f.mat with no changes in the original net. It appears that from far away the images are classified as "velvet", closer up some better classifications appear.

  886.0000    0.0758
  886.0000    0.1143
  886.0000    0.0724
  886.0000    0.1302
  886.0000    0.1000
  886.0000    0.0903
  886.0000    0.1430
  886.0000    0.0780
  886.0000    0.0936
  886.0000    0.0807
  886.0000    0.0798
  886.0000    0.0932
  886.0000    0.0540
  886.0000    0.1258
  886.0000    0.1215
  886.0000    0.1329
  886.0000    0.1080
  886.0000    0.0883
  886.0000    0.0794
  886.0000    0.1075
  886.0000    0.0854
  886.0000    0.1192
  886.0000    0.1454
  886.0000    0.0660
  886.0000    0.1247
  886.0000    0.1117
  886.0000    0.1538
  886.0000    0.1368
  886.0000    0.0956
  886.0000    0.1034
  886.0000    0.1121
  886.0000    0.0906
  886.0000    0.1227
  886.0000    0.1303
  886.0000    0.0969
  886.0000    0.0581
  886.0000    0.1243
  886.0000    0.1161
  886.0000    0.0988
  886.0000    0.0981
  886.0000    0.0564
  886.0000    0.0798
  886.0000    0.1158
  886.0000    0.0929
  886.0000    0.1267
  886.0000    0.1083
  886.0000    0.0897
  886.0000    0.0912
  886.0000    0.0937
  886.0000    0.0653
  886.0000    0.0818
  886.0000    0.0882
  886.0000    0.1155
  886.0000    0.0723
  886.0000    0.0923
  886.0000    0.0703
  886.0000    0.1144
  886.0000    0.1331
  886.0000    0.1361
  886.0000    0.1194
  886.0000    0.1012
  886.0000    0.1034
  886.0000    0.0569
  886.0000    0.1075
  886.0000    0.0473
  886.0000    0.0663
  886.0000    0.0732
  886.0000    0.0980
  886.0000    0.0782
  886.0000    0.1036
  886.0000    0.0940
  886.0000    0.0910
  886.0000    0.1022
  886.0000    0.0873
  886.0000    0.1002
  886.0000    0.0616
  886.0000    0.0751
  886.0000    0.0548
  886.0000    0.1165
  886.0000    0.0757
  886.0000    0.0636
  886.0000    0.0928
  886.0000    0.0877
  886.0000    0.0575
  886.0000    0.0806
  886.0000    0.0742
  886.0000    0.0472
   79.0000    0.0342
  886.0000    0.0632
  886.0000    0.1260
  886.0000    0.0698
  886.0000    0.0751
  886.0000    0.0529
  886.0000    0.0725
  886.0000    0.0673
   79.0000    0.0367
  886.0000    0.0400
  886.0000    0.0710
  886.0000    0.0759
  886.0000    0.0456
  886.0000    0.1248
  886.0000    0.0541
  886.0000    0.0414
  886.0000    0.0626
  886.0000    0.1387
  886.0000    0.1020
  886.0000    0.0990
  886.0000    0.0982
  886.0000    0.0930
  886.0000    0.0830
  886.0000    0.0581
  886.0000    0.1011
  886.0000    0.1003
  886.0000    0.0920
  886.0000    0.0798
  886.0000    0.1039
  886.0000    0.0522
  886.0000    0.0722
  886.0000    0.0907
  886.0000    0.0901
  886.0000    0.0808
  886.0000    0.0790
  886.0000    0.0980
  886.0000    0.1000
  886.0000    0.0996
  886.0000    0.1274
  886.0000    0.1249
  886.0000    0.0811
  886.0000    0.0952
  886.0000    0.1000
  886.0000    0.1319
  886.0000    0.0816
  886.0000    0.1488
  886.0000    0.1125
  886.0000    0.1331
  886.0000    0.0920
  886.0000    0.1091
  886.0000    0.1429
  886.0000    0.1027
  886.0000    0.1217
  886.0000    0.1241
  886.0000    0.1089
  886.0000    0.0902
  886.0000    0.1009
  886.0000    0.1047
  886.0000    0.1301
  886.0000    0.1406
  886.0000    0.1760
  886.0000    0.1126
  886.0000    0.1209
  886.0000    0.1217
  886.0000    0.1180
  886.0000    0.0842
  886.0000    0.1022
  886.0000    0.1198
  886.0000    0.0908
  886.0000    0.0853
  886.0000    0.1193
  886.0000    0.1483
  886.0000    0.1249
  886.0000    0.1087
  886.0000    0.1263
  886.0000    0.0762
  886.0000    0.1251
  886.0000    0.1104
  886.0000    0.1506
  886.0000    0.1263
  886.0000    0.0939
  886.0000    0.1325
  886.0000    0.1212
  886.0000    0.1205
  886.0000    0.1130
  886.0000    0.1038
  886.0000    0.1138
  886.0000    0.0761
  886.0000    0.0808
  886.0000    0.0883
  886.0000    0.1217
  886.0000    0.1532
  886.0000    0.1235
  886.0000    0.1066
  886.0000    0.1400
  886.0000    0.1028
  886.0000    0.0984
  886.0000    0.1232
  886.0000    0.1006
  886.0000    0.1699
  886.0000    0.1256
  886.0000    0.1343
  886.0000    0.1039
  886.0000    0.1333
  886.0000    0.1288
  886.0000    0.1370
  886.0000    0.1133
  886.0000    0.0833
  886.0000    0.1347
  886.0000    0.1151
  886.0000    0.0759
  886.0000    0.1391
  886.0000    0.1501
  886.0000    0.0994
  886.0000    0.1190
  886.0000    0.0830
  886.0000    0.0928
  886.0000    0.1164
  886.0000    0.1140
  886.0000    0.0709
  886.0000    0.1064
  886.0000    0.0801
  886.0000    0.0926
  886.0000    0.0588
  886.0000    0.1197
  886.0000    0.0741
  886.0000    0.0930
  886.0000    0.1034
  886.0000    0.0814
  886.0000    0.1322
  886.0000    0.1139
  886.0000    0.1021
  886.0000    0.0983
  886.0000    0.1048
  886.0000    0.1062
  886.0000    0.0618
  886.0000    0.0771
  886.0000    0.0850
  886.0000    0.0799
  886.0000    0.1052
  886.0000    0.1098
  886.0000    0.1391
  886.0000    0.1494
  886.0000    0.1407
  886.0000    0.0751
  886.0000    0.1295
  886.0000    0.1000
  886.0000    0.0880
  886.0000    0.0946
  886.0000    0.1115
  886.0000    0.1129
  886.0000    0.0815
  886.0000    0.1125
  886.0000    0.0690
  886.0000    0.1016
  886.0000    0.1011
  886.0000    0.1429
  886.0000    0.1136
  886.0000    0.1318
  886.0000    0.1327
  886.0000    0.1078
  886.0000    0.0860
  886.0000    0.0834
  886.0000    0.1233
  886.0000    0.1226
  886.0000    0.1502
  886.0000    0.1273
  886.0000    0.0954
  886.0000    0.1045
  886.0000    0.0896
  886.0000    0.1158
  886.0000    0.0949
  886.0000    0.0912
  886.0000    0.1059
  886.0000    0.1667
  886.0000    0.0981
  886.0000    0.1033
  886.0000    0.0733
  886.0000    0.0633
  886.0000    0.0998
  886.0000    0.1053
  886.0000    0.1107
  886.0000    0.1155
  886.0000    0.1034
  886.0000    0.1367
  886.0000    0.1180
  886.0000    0.0922
  886.0000    0.1163
  886.0000    0.0874
  886.0000    0.0845
  886.0000    0.1144
  886.0000    0.0932
  886.0000    0.0811
  886.0000    0.0788
  886.0000    0.0715
  886.0000    0.1304
  886.0000    0.0976
  886.0000    0.1121
  886.0000    0.0943
  886.0000    0.0628
  886.0000    0.1016
  886.0000    0.1146
  886.0000    0.1355
  886.0000    0.0707
  886.0000    0.0935
  886.0000    0.0998
  886.0000    0.0886
  886.0000    0.0854
  886.0000    0.0889
  886.0000    0.1282
  886.0000    0.1008
  886.0000    0.1314
  886.0000    0.0870
  886.0000    0.0860
  886.0000    0.1353
  886.0000    0.1102
  886.0000    0.1157
  886.0000    0.0756
  886.0000    0.0984
  886.0000    0.0681
  886.0000    0.1457
  886.0000    0.0519
  886.0000    0.1158
  886.0000    0.0743
  886.0000    0.1004
  886.0000    0.0975
  886.0000    0.0599
  886.0000    0.0794
  886.0000    0.0920
  886.0000    0.1316
  886.0000    0.1181
  886.0000    0.0856
  886.0000    0.0766
  886.0000    0.1067
  886.0000    0.0920
  886.0000    0.1293
  886.0000    0.1068
  886.0000    0.0871
  886.0000    0.1118
  886.0000    0.1182
  886.0000    0.0961
  886.0000    0.0730
  886.0000    0.1183
  773.0000    0.0444
  886.0000    0.0690
  886.0000    0.0724
  886.0000    0.0801
  886.0000    0.1365
  886.0000    0.1007
  886.0000    0.0743
  886.0000    0.1015
  886.0000    0.1004
  886.0000    0.0890
  886.0000    0.0935
  886.0000    0.0725
  886.0000    0.0817
  886.0000    0.0793
  886.0000    0.0989
  886.0000    0.1392
  886.0000    0.0493
  886.0000    0.1052
  886.0000    0.0933
  886.0000    0.0733
  886.0000    0.0927
  886.0000    0.0749
  886.0000    0.0923
  886.0000    0.0835
  886.0000    0.1139
  886.0000    0.0560
  886.0000    0.1025
  886.0000    0.0405
  886.0000    0.0618
  886.0000    0.0469
  886.0000    0.0860
  886.0000    0.1194
  886.0000    0.1039
  886.0000    0.0777
  886.0000    0.0637
  886.0000    0.0394
  886.0000    0.0655
  886.0000    0.1339
  886.0000    0.0589
  886.0000    0.0898
  886.0000    0.0721
  886.0000    0.0473
  886.0000    0.0539
  773.0000    0.0560
  886.0000    0.0977
  886.0000    0.0847
  886.0000    0.0747
  886.0000    0.0701
  886.0000    0.0607
  886.0000    0.0641
  773.0000    0.0573
  886.0000    0.0684
  886.0000    0.0576
  886.0000    0.0477
  773.0000    0.0492
  773.0000    0.0465
  886.0000    0.0487
  773.0000    0.0541
  886.0000    0.0583
  886.0000    0.0693
  773.0000    0.0799
  773.0000    0.0543
  773.0000    0.0581
  773.0000    0.0635
  773.0000    0.0593
  773.0000    0.0482
  773.0000    0.0528
  773.0000    0.0645
  773.0000    0.0544
  773.0000    0.0709
  886.0000    0.0545
  773.0000    0.0637
  773.0000    0.0554
  773.0000    0.0737
  773.0000    0.1458
  773.0000    0.0605
  773.0000    0.0474
  773.0000    0.0630
  773.0000    0.0695
  773.0000    0.1575
  773.0000    0.1018
  886.0000    0.0839
  773.0000    0.0615
  773.0000    0.0897
  773.0000    0.0892
  773.0000    0.0801
  773.0000    0.0675
  773.0000    0.1282
  773.0000    0.1690
  773.0000    0.0477
  773.0000    0.1493
  773.0000    0.0674
  886.0000    0.0785
  773.0000    0.1005
  773.0000    0.1237
  773.0000    0.0704
   69.0000    0.0960
  773.0000    0.0850
  773.0000    0.0734
  773.0000    0.0608
  773.0000    0.0849
   69.0000    0.0639
   79.0000    0.1002
  886.0000    0.0789
  773.0000    0.1161
   79.0000    0.1805
   79.0000    0.0663
   79.0000    0.0823
  773.0000    0.0880
  773.0000    0.0792
  773.0000    0.1459
  773.0000    0.0695
  773.0000    0.0633
  773.0000    0.0754
  886.0000    0.1074
  886.0000    0.0933
  773.0000    0.0751
  773.0000    0.1000
  773.0000    0.0642
  773.0000    0.0743
  773.0000    0.0977
  773.0000    0.0615
  773.0000    0.0841
  773.0000    0.0632
  645.0000    0.0826
  773.0000    0.1085
  886.0000    0.0877
  773.0000    0.0934
  773.0000    0.1153
  645.0000    0.0600
  773.0000    0.0931
  773.0000    0.0626
  773.0000    0.1226
  773.0000    0.1541
  784.0000    0.0515
  773.0000    0.0663
  678.0000    0.0692
  886.0000    0.0705
  773.0000    0.0802
  678.0000    0.0481
  773.0000    0.0608
  784.0000    0.0350
  773.0000    0.0479
  773.0000    0.0342
  773.0000    0.0482
  784.0000    0.0474
  678.0000    0.0685
  846.0000    0.0745
  886.0000    0.0862
  784.0000    0.0428
  784.0000    0.0459
  678.0000    0.0497
  846.0000    0.0751
  773.0000    0.0430
  784.0000    0.0537
  784.0000    0.0462
  678.0000    0.0508
  678.0000    0.0675
  678.0000    0.0724
  886.0000    0.0763
  784.0000    0.0587
  678.0000    0.0778
  678.0000    0.0667
  678.0000    0.0433
  678.0000    0.0639
  678.0000    0.0650
  678.0000    0.0803
  784.0000    0.0589
  678.0000    0.0566
  846.0000    0.0550
  886.0000    0.0957
  678.0000    0.0556
  678.0000    0.0913
  784.0000    0.0487
  678.0000    0.0640
  678.0000    0.0641
    7.0000    0.0485
  678.0000    0.0738
  678.0000    0.0503
  678.0000    0.0682
  678.0000    0.0571
  886.0000    0.1167
  784.0000    0.0465
  678.0000    0.0527
  149.0000    0.0729
  678.0000    0.0677
  678.0000    0.0700
  149.0000    0.0840
  909.0000    0.0902
  678.0000    0.0581
  149.0000    0.0684
  149.0000    0.0932
  886.0000    0.0801
  149.0000    0.0597
  678.0000    0.0831
  149.0000    0.0721
  149.0000    0.0977
  909.0000    0.0975
  149.0000    0.1112
  406.0000    0.1238
  149.0000    0.1097
  149.0000    0.1205
  149.0000    0.0891
  886.0000    0.0926
  909.0000    0.1121
  909.0000    0.1420
  406.0000    0.1288
  406.0000    0.1473
  909.0000    0.1407
  149.0000    0.1252
  909.0000    0.1570
  149.0000    0.1667
  149.0000    0.1381
  909.0000    0.1280
  886.0000    0.1201
  406.0000    0.1497
  406.0000    0.1430
  909.0000    0.1600
  909.0000    0.2331
  406.0000    0.1561
  909.0000    0.2326
  909.0000    0.2040
  909.0000    0.2031
  909.0000    0.1853
  909.0000    0.2457
  886.0000    0.0861
  886.0000    0.0823
  149.0000    0.1648
  909.0000    0.1893
  909.0000    0.2856
  909.0000    0.2074
  909.0000    0.3809
  909.0000    0.4509
  909.0000    0.3748
  886.0000    0.1383
  886.0000    0.0722
  886.0000    0.0947
  886.0000    0.1317
  886.0000    0.0943
  886.0000    0.1173
  886.0000    0.0868
  886.0000    0.1534
  886.0000    0.0914
  886.0000    0.0812
  886.0000    0.1075
  886.0000    0.1564
  886.0000    0.1250
  886.0000    0.1000
  886.0000    0.1329
  886.0000    0.1140
  886.0000    0.1267
  886.0000    0.0867
  886.0000    0.1255
  886.0000    0.0854
  886.0000    0.0875
  886.0000    0.1192
  886.0000    0.0847
  886.0000    0.0789
  886.0000    0.0935
  886.0000    0.1174
  886.0000    0.1425
  886.0000    0.1047
  886.0000    0.1491
  886.0000    0.0785
  886.0000    0.0825
  886.0000    0.0820
  886.0000    0.0732
  886.0000    0.1092
  886.0000    0.1220
  886.0000    0.1479
  886.0000    0.1606
  886.0000    0.1130
  886.0000    0.0883
  886.0000    0.1045
  886.0000    0.1199
  886.0000    0.1260
  886.0000    0.0678
  886.0000    0.0712
  886.0000    0.1596
  886.0000    0.1332
  886.0000    0.1181
  886.0000    0.1119
  886.0000    0.1074
  886.0000    0.1757
  886.0000    0.1106
  886.0000    0.1300
  886.0000    0.1510
  886.0000    0.1538
  886.0000    0.0499
  886.0000    0.1373
  886.0000    0.1338
  886.0000    0.1284
  886.0000    0.1169
  886.0000    0.1223
  886.0000    0.1216
  886.0000    0.1339
  886.0000    0.1088
  886.0000    0.1206
  886.0000    0.0887
  886.0000    0.0950
  886.0000    0.1499
  886.0000    0.1261
  886.0000    0.1822
  886.0000    0.1182
  886.0000    0.1464
  886.0000    0.1034
  886.0000    0.1409
  886.0000    0.1413
  886.0000    0.1068
  886.0000    0.2015
  886.0000    0.0938
  886.0000    0.1267
  886.0000    0.1151
  886.0000    0.0870
  886.0000    0.1538
  905.0000    0.1333
  886.0000    0.1125
  905.0000    0.0886
  886.0000    0.0834
  886.0000    0.0727
  886.0000    0.0821
  886.0000    0.0846
  886.0000    0.0771
  905.0000    0.0660
  773.0000    0.0522
  886.0000    0.0622
  905.0000    0.0643
  905.0000    0.0770
  905.0000    0.0483
  905.0000    0.0603
  905.0000    0.0524
  773.0000    0.0470
  886.0000    0.0748
  905.0000    0.0440
  773.0000    0.0472
  905.0000    0.0451
  420.0000    0.0496
  905.0000    0.0471
  886.0000    0.0400
  886.0000    0.0441
  420.0000    0.0426
  420.0000    0.0372
  886.0000    0.0374
  886.0000    0.1177
  886.0000    0.0466
   79.0000    0.0364
   79.0000    0.0419
  886.0000    0.0527
   79.0000    0.0534
  420.0000    0.0493
   79.0000    0.0514
  886.0000    0.0436
  886.0000    0.0452
  420.0000    0.0485
  886.0000    0.1001
  886.0000    0.0415
  420.0000    0.0434
  420.0000    0.0370
  420.0000    0.0414
   79.0000    0.0414
  420.0000    0.0397
  886.0000    0.0568
   79.0000    0.0446
  420.0000    0.0459
   79.0000    0.0395
  886.0000    0.0927
   79.0000    0.0397
  420.0000    0.0455
  112.0000    0.0398
  773.0000    0.0448
  773.0000    0.0415
  420.0000    0.0461
  773.0000    0.0488
   79.0000    0.0397
   79.0000    0.0406
  773.0000    0.0459
  886.0000    0.0942
  420.0000    0.0379
   79.0000    0.0387
  773.0000    0.0490
  773.0000    0.0406
  420.0000    0.0408
  773.0000    0.0556
  773.0000    0.0485
  773.0000    0.0576
   79.0000    0.0560
  773.0000    0.0451
  886.0000    0.0546
  886.0000    0.1135
  773.0000    0.0422
  773.0000    0.0559
  905.0000    0.0530
  773.0000    0.0488
   79.0000    0.0476
   79.0000    0.0683
  773.0000    0.0591
   79.0000    0.0473
   79.0000    0.0384
  420.0000    0.0477
  886.0000    0.1462
  420.0000    0.0469
   79.0000    0.0552
  420.0000    0.0534
  773.0000    0.0432
  420.0000    0.0489
   69.0000    0.0498
  420.0000    0.0569
  773.0000    0.0579
  420.0000    0.0511
  773.0000    0.0530
  886.0000    0.1515
   79.0000    0.0400
  773.0000    0.0575
  773.0000    0.0499
   79.0000    0.0611
   79.0000    0.0416
  773.0000    0.0442
  773.0000    0.0429
  420.0000    0.0457
   79.0000    0.0479
  420.0000    0.0446
  886.0000    0.1399
  773.0000    0.0548
   79.0000    0.0830
  420.0000    0.0496
  773.0000    0.0595
  420.0000    0.0563
  773.0000    0.0541
  773.0000    0.0509
   79.0000    0.0963
  420.0000    0.0453
   79.0000    0.0730
  886.0000    0.1721
  773.0000    0.0455
   79.0000    0.0721
   79.0000    0.0537
  420.0000    0.0575
   79.0000    0.0519
  420.0000    0.0556
  773.0000    0.0671
  773.0000    0.0573
   79.0000    0.0384
  420.0000    0.0471
  886.0000    0.1496
   79.0000    0.0925
   69.0000    0.0440
   69.0000    0.0455
  420.0000    0.0609
  420.0000    0.0533
  773.0000    0.0548
  773.0000    0.0430
  420.0000    0.0636
  715.0000    0.0466
  715.0000    0.0408
  886.0000    0.1116
  773.0000    0.0629
   79.0000    0.0634
  420.0000    0.0415
  420.0000    0.0525
  420.0000    0.0492
  773.0000    0.0535
  773.0000    0.0418
  420.0000    0.0532
  773.0000    0.0451
  715.0000    0.0647
  886.0000    0.1816
   69.0000    0.0408
  715.0000    0.0528
  715.0000    0.0752
  715.0000    0.0587
   35.0000    0.0329
   69.0000    0.0372
  420.0000    0.0399
  420.0000    0.0499
  773.0000    0.0539
  773.0000    0.0418
  886.0000    0.1513
  715.0000    0.0637
   79.0000    0.0422
  715.0000    0.0462
  715.0000    0.0678
  773.0000    0.0516
  715.0000    0.0508
  715.0000    0.0573
  773.0000    0.0428
  773.0000    0.0380
  715.0000    0.0733
  886.0000    0.1214
  773.0000    0.0508
  715.0000    0.0560
  773.0000    0.0522
  715.0000    0.0527
  773.0000    0.0419
  715.0000    0.0442
  773.0000    0.0513
  715.0000    0.0409
  715.0000    0.0539
  773.0000    0.0432
  886.0000    0.0558
  886.0000    0.1095
  773.0000    0.0488
  773.0000    0.0639
  715.0000    0.0376
  773.0000    0.0628
  773.0000    0.0319
  773.0000    0.0454
  773.0000    0.0402
  773.0000    0.0478
  773.0000    0.0438
  773.0000    0.0546
  905.0000    0.0929
  715.0000    0.0348
  715.0000    0.0406
  773.0000    0.0611
  715.0000    0.0389
  773.0000    0.1060
  773.0000    0.0546
  773.0000    0.0669
  773.0000    0.0492
  773.0000    0.0634
  773.0000    0.0522
  886.0000    0.1350
  846.0000    0.0411
  773.0000    0.0675
  773.0000    0.0493
  773.0000    0.0705
  624.0000    0.0470
  773.0000    0.0962
  813.0000    0.0493
  773.0000    0.0541
  813.0000    0.0415
  773.0000    0.0527
  886.0000    0.1291
  773.0000    0.0501
  813.0000    0.0486
  846.0000    0.0575
  773.0000    0.0425
  773.0000    0.0828
  813.0000    0.0542
  773.0000    0.0738
  846.0000    0.0666
  813.0000    0.0574
  773.0000    0.0635
  886.0000    0.1117
  773.0000    0.0593
  813.0000    0.0601
  846.0000    0.0854
  406.0000    0.0691
  813.0000    0.0589
  846.0000    0.0899
  406.0000    0.0548
  773.0000    0.1075
  784.0000    0.0540
  773.0000    0.1674
  886.0000    0.1214
  773.0000    0.0414
  846.0000    0.1310
  846.0000    0.0843
  784.0000    0.0586
  846.0000    0.0886
  784.0000    0.0465
  406.0000    0.0670
  846.0000    0.0607
  846.0000    0.0704
  846.0000    0.0567
  886.0000    0.1118
  773.0000    0.0702
  846.0000    0.0905
  813.0000    0.0481
  846.0000    0.0878
  846.0000    0.0984
  846.0000    0.1397
  773.0000    0.1000
  846.0000    0.0603
  846.0000    0.0483
  773.0000    0.0795
  886.0000    0.1423
  846.0000    0.1180
  784.0000    0.0587
  846.0000    0.0736
  846.0000    0.0976
  846.0000    0.0734
  846.0000    0.1126
  846.0000    0.0924
  846.0000    0.0777
  846.0000    0.0734
  846.0000    0.1063
  886.0000    0.1562
  846.0000    0.0895
  846.0000    0.1084
  846.0000    0.1173
  846.0000    0.0631
  846.0000    0.1242
  406.0000    0.0777
  846.0000    0.1013
  846.0000    0.1036
  846.0000    0.1062
  846.0000    0.1385
  886.0000    0.1373
  846.0000    0.0832
  406.0000    0.0903
  406.0000    0.0895
  909.0000    0.0801
  846.0000    0.1008
  406.0000    0.1092
  773.0000    0.1190
  909.0000    0.0994
  846.0000    0.1206
  406.0000    0.0911
  886.0000    0.0946
  886.0000    0.1741
  896.0000    0.0911
  896.0000    0.0891
  909.0000    0.1165
  896.0000    0.0797
  909.0000    0.1477
  846.0000    0.1021
  896.0000    0.1094
  909.0000    0.1278
  896.0000    0.1474
  896.0000    0.1219
  886.0000    0.1373
  896.0000    0.1256
  896.0000    0.2002
  834.0000    0.1736
  834.0000    0.1722
  886.0000    0.0904
  886.0000    0.1267
  886.0000    0.1231
  886.0000    0.1037
  886.0000    0.1229
  886.0000    0.1123
  886.0000    0.1184
  886.0000    0.1512
  886.0000    0.1283
  886.0000    0.1490
  886.0000    0.1248
  886.0000    0.1204
  886.0000    0.1131
  886.0000    0.1085
  886.0000    0.1560
  886.0000    0.1197
  886.0000    0.1778
  886.0000    0.1271
  886.0000    0.1259
  886.0000    0.0821
  886.0000    0.1216
  886.0000    0.1116
  905.0000    0.0844
  886.0000    0.1173
  886.0000    0.1354
  886.0000    0.1246
  886.0000    0.1062
  886.0000    0.1177
  886.0000    0.1117
  886.0000    0.0920
  886.0000    0.0815
  886.0000    0.0915
  886.0000    0.1169
  886.0000    0.0954
  886.0000    0.1224
  905.0000    0.1167
  886.0000    0.0884
  886.0000    0.0920
  886.0000    0.1155
  886.0000    0.1534
  886.0000    0.1615
  886.0000    0.1126
  886.0000    0.1381
  886.0000    0.1567
  886.0000    0.1236
  886.0000    0.1214
  886.0000    0.1563
  886.0000    0.1174
  886.0000    0.1230
  886.0000    0.0949
  886.0000    0.1125
  886.0000    0.1367
  886.0000    0.1538
  886.0000    0.1285
  886.0000    0.0836
  886.0000    0.0868
  886.0000    0.0944
  886.0000    0.1112
  886.0000    0.1313
  886.0000    0.1031
  886.0000    0.1680
  886.0000    0.1182
  886.0000    0.1081
